10490,6
12842,8
8369,8
9973,8
3703,8
8344,11
10517,13
10786,19
7427,21
2591,21
2195,21
11627,25
12758,25
3142,25
4866,25
6679,25
3506,26
5550,27
12497,28
5091,29
2936,29
7185,29
10083,29
12766,29
6793,29
4016,29
738,29
12852,29
9519,29
4171,29
7343,29
9521,29
273,29
13477,29
13524,29
4134,29
7485,29
9872,29
10618,29
468,29
9043,29
5714,29
8156,31
12940,33
2785,35
3820,36
9385,36
9429,37
10052,37
12844,39
10069,41
9027,41
4532,42
1423,43
3575,44
1049,47
7669,49
97,51
4370,52
11191,52
4769,53
9367,57
6656,59
10837,59
6490,59
12100,59
2625,59
12502,59
5500,60
7154,61
1520,61
13125,61
5089,62
1724,68
10861,76
2014,76
7022,76
4811,76
11867,76
10237,76
11583,76
2773,76
1139,76
5789,76
4745,76
5211,76
6350,76
5356,76
7384,76
2293,78
12212,79
11173,81
8280,86
9485,89
5960,89
10509,89
9514,94
8100,95
8184,97
10838,97
12242,97
428,97
9057,97
11550,97
3301,97
2910,97
374,97
8032,97
6835,97
8004,97
5106,97
10711,97
7627,97
4699,97
95,97
4790,97
12028,97
9869,97
11544,97
264,97
8584,97
3080,97
11252,97
2987,97
5305,97
8232,97
463,97
3347,99
13394,99
1373,102
2428,102
4451,103
5942,103
7644,108
7075,109
9185,112
7578,112
4287,112
6552,112
3505,112
112,114
13532,118
2416,118
8623,118
11261,118
518,118
8729,118
7490,118
3701,118
377,118
4382,119
8168,119
716,119
11029,119
5981,119
2147,119
4652,119
8016,129
11899,130
13230,131
6118,132
11511,134
1811,134
12567,136
6758,136
762,136
3868,136
8392,136
9892,137
5665,137
7322,137
2943,137
13584,137
6937,137
9531,137
8044,137
5214,137
5860,137
12074,137
5445,137
4463,138
13502,140
3386,140
7165,140
13221,140
4671,140
8646,140
11746,140
2483,140
9824,140
10706,140
2341,140
5136,140
12005,140
7127,140
6774,140
10327,140
9439,140
12098,140
12905,140
9463,140
11654,140
12220,140
11841,140
13504,140
10010,140
11937,140
6951,140
3407,140
12018,140
13651,140
7754,140
6899,140
11358,140
10993,140
7391,140
8259,140
7472,140
4776,140
10701,140
12221,140
12691,140
4896,140
3362,140
2107,140
11896,140
11328,140
2819,140
3396,140
9955,140
9378,140
9437,140
7607,140
6722,140
1838,140
5192,140
5197,140
3240,140
3763,140
8565,140
10585,140
4127,140
6357,140
8931,140
10003,140
3344,140
6982,140
6319,140
10806,140
3755,140
565,140
6667,140
2436,140
5814,140
3330,140
7130,140
10671,140
9638,140
11957,140
5095,140
11606,140
5080,140
11998,140
6132,140
5215,140
6303,140
9889,140
8586,140
8523,140
6959,140
9962,140
6833,140
4450,140
8576,140
5303,140
6167,140
4728,140
11023,140
256,140
2974,140
3649,140
7922,140
6298,140
5203,140
3616,140
8981,140
10027,140
736,140
13085,140
8694,140
529,140
1204,140
503,140
13424,140
2221,140
3828,140
13177,140
12270,140
4948,140
5548,140
8570,140
12241,140
10851,140
12209,140
11080,140
8080,140
5104,140
9893,140
1363,140
11911,140
3166,140
7820,140
5570,140
9434,140
1212,140
12240,140
11011,140
12952,140
3677,140
9466,140
3470,140
1118,140
10204,140
9812,140
12906,140
13485,140
8840,140
12208,140
10188,140
8734,140
6156,140
12169,140
3539,140
3466,140
2302,140
11741,140
10642,140
11510,140
6559,140
8350,140
1220,140
11036,140
12551,140
2105,140
12183,140
8458,140
4757,140
2580,140
3335,140
11071,140
4741,140
8751,140
5821,140
5958,140
849,140
10230,140
6700,140
2669,140
9683,140
10488,140
2534,140
8351,140
7296,140
12572,140
10172,140
10071,140
12073,140
8561,140
2765,140
9117,140
10123,140
2531,140
5216,140
3775,140
11529,143
6317,145
6930,148
6931,148
6025,150
4223,155
6209,158
1162,161
9913,163
10456,163
4636,163
9879,164
2370,164
10947,164
11249,164
10087,164
5974,164
710,164
3443,165
11007,166
10922,166
7931,166
1340,167
1047,167
6367,167
258,168
172,170
7843,171
11535,171
7222,172
8917,172
6097,172
364,173
564,174
1055,176
281,176
7281,177
9559,177
12159,177
11561,177
2737,177
3908,177
2185,177
4100,177
8430,177
10328,177
1381,177
10337,179
5497,182
181,182
2366,182
3370,184
12533,184
5756,184
8355,185
8804,187
7174,188
8618,190
6838,192
4257,192
6871,192
5803,193
9273,196
12843,199
8890,199
6488,200
399,202
1837,211
539,214
8111,215
267,215
11385,215
5399,215
5725,215
3619,215
2877,223
7150,223
363,225
2036,225
11936,225
13602,225
455,225
1618,225
1923,225
10917,225
5042,225
12849,225
1411,225
7982,225
4267,225
6365,225
12621,225
3736,225
6202,225
5693,225
7579,225
8700,225
7416,225
5157,225
1934,225
13129,225
10892,225
12116,225
6295,225
11095,225
3298,225
5461,225
10957,225
10474,225
6249,225
10640,225
11048,225
8247,225
3188,225
9947,225
10688,225
3190,225
13380,225
10240,225
156,225
9931,225
2057,225
8598,225
5815,226
10849,226
3848,229
2051,231
13291,233
3216,233
7291,233
4483,233
8196,234
6998,239
9187,239
8794,239
9049,239
9005,239
4198,239
11560,239
5140,239
376,239
2975,239
1435,239
1412,239
4419,239
3678,239
5744,240
9069,240
6300,240
8894,240
5284,244
11808,246
11615,253
5549,256
742,259
10565,263
7570,269
11534,269
9475,269
9699,269
11723,269
2817,269
4259,275
4492,281
10677,284
6762,287
10183,288
1108,289
11027,289
4751,289
7102,289
5156,289
2768,289
10658,289
4959,289
7221,289
10109,289
12804,289
2367,289
6065,289
3776,289
5071,289
10900,289
8591,289
8705,289
10212,289
5193,289
12184,289
9539,289
12082,289
7446,289
9688,289
12772,289
1453,289
8978,289
3579,289
2316,289
8136,289
4091,289
2332,289
13337,289
525,289
6670,289
6124,289
8582,289
4098,289
3441,289
1897,289
7537,289
3571,289
5596,289
12308,289
8524,289
5749,289
9047,289
980,289
5556,289
10367,289
3403,289
4228,289
12861,289
8373,289
3984,291
4708,291
11552,291
9416,291
3406,292
6471,294
5057,294
13031,294
7821,297
11532,297
9448,297
6943,298
2176,298
6139,298
6730,298
3691,298
8927,298
11948,298
1704,299
265,299
4186,299
9705,299
12728,299
11289,299
9552,303
1912,306
7767,310
3163,310
3757,312
260,312
320,319
10329,320
98,323
1721,323
7859,330
9290,330
10587,330
5645,331
12808,331
7293,331
9695,331
12010,332
8212,336
3277,336
11108,336
5026,336
4847,336
3992,336
7196,336
752,338
4667,340
5299,341
6223,341
7348,346
6917,346
13553,346
1202,346
3368,346
4977,346
3982,356
7855,363
7170,367
6069,367
4599,370
8587,371
9635,376
4980,380
6452,380
7505,380
1268,382
4841,385
4499,386
5597,388
9415,391
5606,391
8502,395
7514,401
10058,401
1081,401
1429,401
2097,401
3221,401
13118,401
6890,401
1368,401
8969,401
1143,401
4942,401
8239,401
8192,401
13162,401
1223,401
13318,401
9254,401
1142,401
11523,401
9799,402
12397,404
13265,412
1400,417
10635,418
3511,419
13383,420
2769,421
11524,421
847,421
7356,426
1737,433
2447,441
2453,441
13110,441
11635,441
974,441
9253,441
5978,441
1284,441
533,441
3522,441
5007,441
2553,441
11655,441
9221,441
12863,441
9032,441
13290,441
7272,441
8160,441
268,441
688,441
4064,441
4962,441
7509,441
7498,441
865,441
7486,441
10755,442
10068,446
317,447
283,451
6750,451
1131,451
1013,451
9808,451
2724,457
4294,458
3503,465
4793,472
11758,477
12451,479
4269,485
2544,485
1944,485
3604,485
2476,485
128,485
9020,485
13104,485
6432,485
5064,485
7333,485
620,485
621,485
3695,485
1973,485
8181,485
3948,485
3182,485
13228,485
9465,485
10364,485
8946,485
2141,485
6627,493
11210,493
4610,494
10539,496
12264,496
7725,496
4588,499
3712,500
3854,500
10233,503
3646,503
13223,503
8799,503
7270,503
2369,505
3885,509
2098,509
3873,509
10502,509
12653,509
9977,509
3929,509
1104,509
8084,511
12850,514
10683,514
2838,514
9843,514
7001,516
3818,517
5428,517
1406,517
12112,517
8805,518
10893,518
7257,518
8467,519
8003,520
13526,520
11927,520
4813,520
3414,520
4515,520
7254,520
9639,520
959,520
1015,520
11223,520
10825,520
11185,520
12459,520
3704,523
5256,523
1051,523
8613,523
10709,523
7629,523
4554,523
4778,523
13559,523
7232,523
3116,523
11242,523
8219,523
10927,523
4003,524
5317,526
9231,526
4017,526
3375,526
3610,527
504,527
530,531
3560,534
10040,537
8862,542
12540,547
6080,551
8415,552
2510,556
7745,557
4276,557
13233,557
7107,557
2377,557
7482,557
8314,558
358,561
3153,564
6603,570
2997,570
12538,570
7100,570
12351,570
767,573
13458,578
8737,581
6226,584
3211,584
2820,584
12388,584
4973,584
11347,584
9036,584
11540,584
5449,584
16,584
2999,584
12258,584
13330,584
2542,584
7290,584
1346,584
13520,584
9659,584
10015,584
272,584
10813,584
8250,584
3991,584
7841,584
1148,584
4421,584
7755,584
8382,584
1997,584
1591,586
6253,589
3309,603
6158,604
1720,607
11171,612
10438,613
2879,613
3006,614
11833,614
12479,616
190,617
4822,622
7259,624
422,628
12636,629
2404,629
13065,629
13066,629
726,629
2693,629
869,629
906,629
774,629
7633,629
5513,634
1991,636
3867,637
13321,639
643,642
9024,645
9937,646
4911,650
7172,651
6704,653
11732,653
2506,654
12055,661
5615,664
5294,673
11749,674
2590,675
2891,677
9489,677
3751,680
4249,680
12598,680
10165,680
12236,680
10903,680
7803,680
12936,680
3460,680
13503,680
5130,680
4742,680
2521,680
7691,680
350,680
4204,680
13434,680
642,680
13090,680
11880,680
6554,680
5485,680
5801,680
8202,680
12881,680
3580,680
10784,680
9183,685
337,685
5225,686
10433,690
9512,691
9710,691
1627,691
5295,691
3316,691
9331,691
230,691
3612,691
351,691
7781,691
3581,691
12650,691
8761,691
10895,691
8727,691
5195,691
7056,691
5890,691
5809,691
10335,691
7097,691
9942,691
13176,691
8891,691
11061,691
3740,691
13192,691
3611,691
13574,691
12026,691
12415,691
2807,691
3318,691
7840,691
3325,691
7488,691
1457,691
5217,691
10121,691
7455,691
6052,691
13276,691
5704,691
7919,691
12649,691
10072,691
6569,691
5547,691
8384,691
6231,691
12149,691
6049,691
4377,691
13170,691
7101,691
8379,691
7565,691
5800,691
13173,691
5682,691
2961,691
11137,691
3004,691
11966,691
10805,691
13572,691
7206,691
3905,691
4427,691
6775,691
8589,691
6549,691
9897,691
5567,691
4882,691
11949,691
4972,691
1881,691
4544,691
5905,691
10053,691
13405,691
9722,691
5581,691
3909,691
787,691
11748,691
788,691
4575,691
13263,691
5692,691
5736,691
1620,691
5249,691
9767,691
144,691
6359,691
734,691
670,691
5859,691
5773,691
11633,691
11286,691
13208,691
3196,691
4007,691
3987,691
2714,691
9898,691
7757,691
12253,691
5017,691
6035,691
2639,691
11304,691
9700,691
9149,691
10454,691
1999,691
9654,691
4605,691
2624,691
9497,691
11938,691
10717,691
4342,691
12961,691
4850,691
12942,691
3860,691
9194,691
12038,691
1376,691
3081,691
12325,691
12145,691
12854,691
9528,691
684,691
1251,691
10379,691
12638,691
9382,691
8848,691
495,691
13234,691
5629,691
10152,691
5790,691
8997,693
5342,698
12207,699
9500,701
3721,703
7351,705
2915,705
3021,705
755,705
11860,705
1291,705
7893,705
302,705
8880,705
8095,705
7096,705
942,705
8096,705
11862,705
11979,705
4039,705
10289,705
411,705
343,705
3816,705
10414,705
228,705
11094,705
11997,705
5199,705
8099,705
9450,705
6997,705
11394,705
1099,705
7995,705
12586,705
2862,705
10833,705
5452,705
5640,705
810,705
990,705
11124,705
4084,705
12293,705
12401,711
10662,711
13664,711
4553,713
4548,713
3671,713
5656,713
6650,713
4800,713
9771,714
1570,715
11770,715
9542,718
8445,718
4672,718
242,718
7263,718
3800,718
5975,718
11621,718
3770,718
5086,718
10331,718
4625,718
9148,718
4566,718
3183,718
11397,719
1740,721
5442,721
13508,724
13062,725
9476,733
3923,743
2888,747
3436,748
12602,748
4609,753
8667,761
7782,764
809,766
10124,768
11623,771
7145,775
7693,780
11085,780
3303,780
7253,783
5253,793
13284,793
11015,793
4639,793
794,793
501,793
652,795
6004,796
10242,797
4141,797
9606,797
11441,797
5262,797
2044,797
9618,797
5029,797
5946,797
13336,797
2740,797
11605,797
4537,797
8803,797
12496,797
3123,797
3191,797
13359,797
5613,797
4460,797
7603,797
8496,797
7255,797
1961,797
5098,797
10705,797
5403,797
6074,797
8830,797
13638,797
3171,797
8564,797
6532,797
11980,797
13539,797
11334,798
6504,798
1056,798
8304,798
6182,798
10736,805
3194,805
7301,805
5228,805
2536,805
8843,805
3826,805
1257,805
3872,805
5337,805
4169,805
10169,805
10411,805
3094,805
3150,805
9054,805
40,805
8725,805
6993,805
6170,805
7838,805
8061,805
1845,805
12709,805
1831,805
7979,805
10312,805
8634,805
10014,805
8571,805
8617,805
3552,805
11647,805
11301,805
3652,805
6971,805
3930,805
2140,805
13101,805
7862,805
3056,805
11577,805
13348,805
2866,805
8713,805
66,805
6147,806
2233,806
7597,807
6324,808
10215,808
7689,808
12418,808
12380,808
12669,812
3308,812
9239,812
4987,812
3380,813
11581,814
4677,815
1377,815
3692,817
6106,818
10931,823
9089,823
7558,824
13257,825
6038,825
9398,825
5201,829
481,830
5040,842
10241,846
2596,850
5716,856
3827,856
9300,867
7370,867
1566,880
2352,887
8393,887
4678,889
9430,889
4085,889
12294,889
5472,889
3657,889
5658,889
9602,889
1348,889
12925,889
897,891
1392,893
3404,895
9743,895
6837,895
5090,896
12619,896
3128,896
7831,896
8979,896
6922,896
8155,896
9835,896
8021,896
133,896
11727,896
10391,896
5031,900
11789,902
1130,902
1128,902
11154,902
12006,902
1129,902
8149,902
8575,910
5540,912
10345,915
7163,916
3779,919
7371,919
4578,919
11662,919
3201,922
671,923
5188,928
9605,928
5950,928
8034,928
434,928
2328,928
5862,930
928,930
8429,930
931,933
2484,934
3963,934
943,936
8348,936
6581,936
3547,937
7650,940
6352,940
7311,944
4088,945
5393,948
4738,949
4902,951
11393,952
8697,952
7971,955
12093,956
7216,956
3651,958
10597,961
10970,961
11827,961
1516,963
1556,966
7017,966
9314,966
362,966
8063,966
11912,966
76,966
5033,966
4444,966
124,966
12651,966
4542,966
1812,966
5307,966
5518,966
3102,966
1554,966
3361,967
9878,967
3654,967
8153,968
7688,971
1590,972
141,972
11575,973
7681,977
8547,977
2681,981
5937,992
1925,996
11651,996
945,997
2139,998
11445,1001
13294,1004
7304,1008
7328,1012
1276,1012
8158,1012
1019,1018
6817,1021
6195,1022
8228,1022
10912,1028
1848,1029
9469,1029
12787,1029
6914,1029
6513,1031
2983,1033
10467,1033
6410,1033
6909,1033
12696,1033
3561,1033
9204,1033
12025,1033
11255,1033
7493,1036
12164,1038
1862,1038
11840,1040
6564,1040
4493,1040
10471,1040
6438,1040
3600,1040
12934,1040
8150,1040
12178,1040
1658,1043
13209,1050
1682,1050
7891,1050
13011,1050
9961,1050
1654,1050
4462,1050
6741,1050
11593,1050
101,1050
10286,1058
1668,1058
1059,1058
1058,1059
9199,1063
11773,1065
7088,1066
11724,1066
2339,1066
11089,1068
11300,1069
7399,1070
10439,1070
6759,1075
3086,1079
13279,1082
5646,1082
9858,1082
10828,1087
1060,1087
1061,1087
1819,1087
7231,1087
10383,1087
8865,1087
183,1087
13137,1087
10076,1090
3179,1092
1984,1095
1726,1105
7342,1105
1280,1105
3278,1111
5411,1111
220,1111
4465,1111
6740,1111
9103,1111
2934,1111
1393,1113
3274,1116
6970,1119
9087,1120
3250,1125
7930,1134
5076,1149
8242,1156
472,1156
10996,1157
10865,1158
6288,1161
3231,1163
13220,1163
13269,1163
11497,1170
5273,1178
11934,1179
6076,1180
5114,1187
4057,1191
10291,1191
585,1191
2183,1191
3381,1191
2806,1192
12764,1193
9394,1193
10660,1197
3606,1198
12247,1209
4254,1213
3399,1216
3343,1218
6264,1218
13550,1218
917,1218
7323,1218
7956,1218
1137,1218
11245,1218
7463,1218
1041,1218
4901,1218
9876,1218
12334,1218
8089,1219
4083,1219
13470,1219
7429,1221
5523,1233
3621,1234
9714,1235
7802,1241
9115,1242
938,1245
9870,1248
4734,1249
9702,1249
8190,1249
7016,1250
842,1250
4572,1250
301,1250
7966,1250
11902,1250
2353,1250
10986,1250
1500,1250
4791,1250
5052,1250
10011,1250
12040,1250
7250,1250
2821,1250
11697,1250
9861,1250
13422,1250
702,1250
5522,1250
11318,1250
6383,1250
6528,1250
10295,1250
3385,1261
8364,1265
10923,1269
2030,1269
13378,1272
12706,1274
10911,1274
10884,1285
10300,1287
9484,1288
5718,1288
10762,1289
9393,1292
5996,1294
13387,1306
1121,1315
9483,1315
10134,1318
7916,1320
54,1323
7375,1326
5097,1332
12746,1332
4020,1332
8287,1332
13277,1332
278,1336
7244,1339
7346,1342
3542,1342
4820,1342
8914,1342
6043,1342
10232,1344
13667,1344
12215,1345
3256,1350
10193,1353
2573,1357
11545,1361
12768,1373
2850,1378
4996,1378
9774,1380
5286,1381
12535,1381
12873,1382
6653,1384
5059,1387
2061,1389
12259,1390
13054,1394
8936,1397
5326,1397
6767,1397
6136,1398
962,1400
9940,1400
9404,1400
2497,1400
13312,1400
13637,1400
8327,1402
5440,1403
4925,1408
1385,1411
1581,1413
9686,1415
8982,1419
9756,1421
1304,1434
10104,1436
7540,1436
2889,1436
3290,1436
7173,1439
262,1439
7830,1439
2801,1439
1409,1439
2761,1439
5028,1442
4583,1445
10021,1446
11112,1448
8191,1451
10955,1456
9079,1456
7957,1456
9633,1458
12198,1460
4132,1460
6912,1460
7587,1460
4982,1460
8254,1464
9819,1465
5929,1467
398,1467
7510,1474
2406,1476
592,1477
6201,1481
13037,1486
12995,1486
2552,1487
1181,1488
1297,1493
7608,1495
8177,1495
11202,1495
4523,1497
1598,1497
1710,1499
13343,1499
5607,1501
6369,1501
10178,1503
10832,1503
12921,1507
1333,1509
1588,1509
1629,1512
3261,1515
1482,1517
1510,1519
7794,1519
5258,1521
355,1521
4798,1525
7928,1525
2502,1525
7529,1529
13623,1533
5521,1535
7522,1537
3331,1537
11025,1539
5067,1541
12726,1543
3223,1543
6093,1545
5528,1545
11428,1545
4133,1547
9679,1550
13379,1551
11638,1551
5991,1552
6163,1553
12600,1555
3765,1556
8356,1556
8682,1561
2805,1561
12386,1561
8052,1561
8724,1562
7207,1562
7445,1562
9626,1562
10653,1563
8166,1565
4502,1567
6651,1568
5927,1569
1313,1574
2008,1575
9996,1577
1527,1577
5557,1577
10398,1577
11432,1578
7980,1580
5024,1585
9664,1586
9663,1586
1502,1592
7680,1593
10022,1597
8005,1602
9252,1603
9114,1604
13423,1605
10740,1607
9040,1609
4894,1611
7084,1612
1238,1612
5208,1614
1173,1619
6642,1621
2119,1624
12097,1625
8834,1628
11975,1638
2517,1640
12828,1644
12473,1648
689,1648
12237,1648
11012,1648
4361,1648
4295,1648
8675,1654
6779,1654
7324,1654
13454,1654
11220,1654
12948,1654
12806,1654
13341,1654
13639,1654
6896,1654
3670,1654
12782,1654
11065,1654
9900,1654
1370,1654
2163,1654
1530,1654
6366,1654
2756,1654
5437,1654
2875,1654
871,1654
3918,1654
4140,1654
10627,1654
2869,1654
918,1654
5544,1654
3928,1654
12075,1654
4663,1654
8900,1654
3180,1654
12120,1654
2223,1654
9757,1654
4534,1654
13506,1654
2224,1654
785,1654
7634,1654
7832,1654
7715,1654
4935,1654
6120,1654
6046,1654
12662,1654
11356,1654
9164,1654
6885,1654
11753,1654
13112,1654
3989,1654
2644,1654
8881,1654
8655,1654
8457,1654
169,1654
12193,1654
4328,1654
4229,1654
2481,1654
10348,1654
12998,1654
5230,1654
3198,1654
3168,1654
12954,1654
371,1654
6688,1654
8769,1654
6638,1654
12413,1654
506,1654
3215,1654
4780,1654
3531,1654
2288,1654
2460,1654
10731,1654
12678,1654
947,1654
5538,1654
6469,1654
3158,1654
2260,1654
2618,1654
4183,1654
4880,1654
11363,1654
1955,1654
11640,1654
2299,1654
10098,1654
5662,1654
3109,1654
9295,1654
11348,1654
10450,1656
55,1666
4317,1671
5516,1674
1441,1675
4432,1678
8163,1691
10317,1694
2909,1698
11308,1701
5865,1702
10355,1703
5137,1708
5872,1709
1278,1717
8992,1717
1171,1717
7208,1717
8075,1717
7433,1718
7683,1722
2626,1723
5298,1730
6546,1733
3192,1734
9013,1734
13138,1734
993,1736
369,1739
2257,1741
4731,1743
8723,1743
9265,1743
5616,1743
9532,1743
6155,1743
365,1743
7423,1743
10101,1743
4642,1743
3696,1743
4347,1743
10012,1743
2315,1743
9474,1743
891,1743
2860,1743
8277,1743
4904,1743
10928,1743
2535,1743
12716,1743
12068,1743
6141,1743
10055,1743
5085,1743
7573,1743
9589,1743
311,1743
2903,1743
885,1743
12794,1743
2958,1743
4619,1743
3008,1743
10344,1743
2158,1743
3665,1743
8554,1743
5292,1743
1154,1743
9425,1743
7581,1743
3147,1743
8702,1743
9284,1744
4455,1744
7070,1744
10998,1745
8048,1745
4513,1745
11515,1746
1634,1747
12673,1751
3660,1751
11897,1751
5853,1753
10748,1754
9857,1754
10872,1755
6229,1756
13408,1756
656,1756
12494,1756
12581,1758
8175,1760
6036,1761
4143,1762
13344,1762
9678,1763
9566,1765
12552,1765
1122,1765
7095,1765
5951,1765
5572,1765
12491,1765
941,1765
4495,1765
2567,1765
11284,1765
12956,1765
1560,1765
9212,1765
9327,1765
7011,1765
13245,1765
8850,1765
3210,1765
905,1765
5083,1765
9124,1765
1714,1765
2179,1766
699,1766
3110,1767
550,1768
9299,1769
9805,1770
10207,1770
5178,1770
2968,1770
10812,1773
7622,1774
160,1776
4508,1778
12547,1778
8950,1778
10558,1778
2562,1778
3126,1778
12885,1778
1695,1778
1615,1778
3496,1778
10611,1778
11590,1778
3485,1778
4620,1778
9687,1778
13301,1778
9677,1778
4300,1778
12969,1778
2962,1778
1823,1778
8398,1778
4195,1778
87,1778
11448,1778
9336,1778
6230,1778
5728,1779
2270,1779
498,1780
2702,1780
7665,1781
4533,1782
12423,1786
6160,1786
11909,1786
914,1786
12347,1786
12001,1786
9617,1786
8721,1786
4288,1787
1505,1788
8340,1789
5370,1790
8330,1791
3055,1792
5729,1793
9623,1793
10760,1793
4915,1794
10657,1795
10862,1796
6034,1798
3707,1799
10404,1800
618,1800
6637,1800
3877,1800
11781,1800
11439,1800
2360,1800
7481,1800
3682,1803
5254,1803
11977,1803
4591,1803
2100,1803
10007,1803
9063,1803
5129,1803
3108,1803
12812,1804
7875,1804
2622,1804
2957,1804
11052,1804
7300,1804
545,1804
3112,1806
7535,1806
2670,1808
3225,1808
8657,1808
3255,1808
9195,1808
6199,1808
2708,1808
3389,1808
10766,1808
10905,1808
13255,1808
2335,1808
6666,1808
926,1808
6451,1808
3727,1808
8114,1808
11932,1809
3322,1809
9159,1809
1600,1809
4726,1809
11599,1809
7496,1809
8396,1809
1972,1809
3127,1809
8366,1809
8425,1809
3892,1809
9728,1809
7606,1809
12639,1809
6419,1809
10075,1809
12720,1809
2971,1809
12657,1810
11762,1810
8795,1813
10991,1813
593,1814
12620,1825
7732,1834
10378,1843
2426,1847
4623,1847
9950,1851
1854,1853
1853,1854
4668,1857
159,1859
9622,1859
10461,1865
7487,1874
1525,1878
1727,1882
11083,1882
5705,1882
6583,1882
2135,1882
1582,1882
11750,1882
12403,1882
6416,1882
9991,1882
8334,1882
5871,1882
11427,1882
13058,1882
6472,1882
862,1882
4873,1882
13370,1882
7454,1891
12883,1891
9414,1892
12007,1893
6593,1894
10704,1895
2953,1895
13478,1895
1932,1895
9594,1898
5811,1899
2561,1900
7613,1906
10403,1906
13420,1906
147,1907
12389,1908
7092,1909
5844,1920
4467,1924
1367,1924
13622,1926
1889,1926
3544,1926
1915,1926
189,1926
13080,1926
6310,1926
2282,1926
5650,1926
10427,1926
12608,1926
7404,1926
579,1926
1444,1926
12573,1926
3684,1926
1347,1926
6766,1926
1479,1926
323,1926
6680,1926
3320,1926
3954,1926
1165,1926
8581,1926
7417,1926
8257,1926
6384,1926
10821,1926
4092,1926
3602,1926
10673,1926
9286,1926
308,1926
6585,1926
10234,1926
383,1926
4626,1926
2794,1926
3950,1926
12520,1926
13121,1926
10654,1926
5898,1926
11197,1926
4676,1926
5009,1926
11531,1926
12094,1926
7865,1926
11650,1926
1685,1926
11866,1926
9387,1926
3034,1926
1183,1926
8531,1926
436,1926
7658,1926
9074,1926
5717,1926
353,1926
1026,1926
1112,1926
2525,1926
4638,1926
9997,1926
10223,1926
777,1926
953,1926
11479,1926
9585,1926
750,1926
6114,1926
6256,1926
8827,1926
4598,1926
3472,1926
1764,1926
1358,1926
3945,1926
676,1926
11790,1926
6015,1926
11863,1926
6812,1926
10734,1926
1136,1926
12847,1926
10284,1926
12410,1926
7834,1926
5906,1926
1616,1926
7952,1926
4314,1926
1918,1926
11305,1926
5244,1926
10961,1926
4938,1926
10417,1926
4855,1926
7139,1926
7491,1926
12283,1926
1027,1926
11232,1926
12528,1926
5055,1926
4485,1926
5520,1926
2605,1926
6463,1926
3105,1926
11179,1926
4271,1926
6244,1926
5481,1926
10116,1926
12187,1926
12106,1926
3429,1926
6239,1926
10939,1933
12587,1937
123,1938
9256,1938
206,1938
2528,1940
12214,1940
1462,1942
11262,1942
9546,1943
1960,1947
8037,1948
10960,1952
2615,1954
11959,1959
10084,1959
4541,1959
5163,1959
3629,1959
9095,1959
478,1963
10770,1966
5142,1967
9853,1971
11050,1974
10205,1975
3789,1976
12892,1976
8580,1976
5783,1977
6865,1980
1979,1982
1989,1988
8380,1993
12951,1993
7021,1993
3519,1993
2884,1993
9281,1993
3474,1993
5601,1996
10005,1996
10753,1997
12933,2007
8220,2010
9753,2010
744,2010
7902,2010
9216,2010
10968,2010
9826,2010
4152,2010
12991,2010
12314,2016
8284,2020
11971,2022
7623,2023
3269,2025
12548,2025
8185,2026
12627,2026
11513,2026
5423,2035
4891,2037
4490,2039
4789,2041
12189,2041
7779,2041
11142,2041
4097,2043
1549,2048
2410,2050
5476,2051
3226,2051
8197,2052
3598,2055
6355,2059
5196,2063
9055,2066
381,2068
6572,2068
4501,2068
2001,2068
7513,2068
9505,2068
10910,2068
894,2072
6853,2074
2892,2075
2076,2078
1000,2079
7077,2079
1382,2079
4227,2080
9846,2086
12984,2086
9101,2088
2612,2090
8140,2096
2101,2099
8468,2102
11119,2102
507,2104
2774,2104
13313,2109
6060,2109
3130,2109
7242,2112
4315,2114
10226,2115
3487,2116
126,2124
6749,2125
1818,2127
6313,2127
12589,2127
10777,2127
11729,2127
9875,2127
8745,2127
6635,2127
6196,2129
5189,2151
12987,2151
12464,2151
11010,2151
8698,2151
7282,2151
7909,2152
12417,2152
9840,2152
6717,2152
2750,2152
1443,2152
13437,2152
1813,2152
2463,2152
1921,2153
6640,2154
7998,2154
4688,2155
1016,2155
5366,2156
12313,2156
638,2156
251,2156
6641,2156
5432,2156
7193,2157
4750,2159
12736,2165
4719,2166
11547,2169
3154,2169
1765,2169
5935,2190
11045,2192
4760,2194
12879,2200
1669,2204
4397,2206
11691,2207
2122,2207
12553,2209
34,2213
6761,2219
5829,2225
12136,2225
8953,2226
7915,2227
11250,2228
2219,2230
2597,2234
5128,2245
5768,2246
12604,2246
11282,2250
7970,2250
8189,2250
1299,2250
7027,2251
6520,2254
11184,2254
2343,2254
8663,2254
11271,2254
6305,2254
9161,2254
2255,2254
13214,2254
11333,2254
6571,2259
5971,2259
9785,2259
6260,2259
8022,2259
4919,2259
135,2259
8383,2259
6014,2262
7367,2263
4807,2263
6351,2263
2857,2263
13345,2268
7927,2277
595,2277
10693,2278
9645,2278
3,2278
8951,2279
13571,2285
12672,2291
8736,2294
12525,2305
1544,2310
5743,2310
2338,2310
4121,2310
8123,2312
8888,2317
10126,2323
12185,2323
2325,2324
11813,2327
438,2337
9267,2340
2699,2344
7105,2346
3079,2346
3413,2347
182,2364
2386,2364
2384,2364
2372,2364
12823,2366
5319,2366
3097,2374
7694,2374
7643,2374
10136,2374
1325,2374
2357,2375
2368,2375
11299,2375
6307,2375
4137,2375
2376,2375
1941,2377
1360,2379
6996,2379
1319,2380
5430,2381
13235,2384
3091,2389
10279,2391
6796,2391
9580,2392
12501,2394
5694,2394
318,2394
13187,2394
10599,2394
12227,2394
3622,2394
6785,2394
6091,2394
8604,2394
5609,2394
6417,2394
2246,2394
328,2394
4898,2394
5046,2394
6292,2394
7991,2394
11646,2394
12341,2394
1205,2394
13032,2394
11288,2394
2911,2394
4476,2394
5701,2394
3648,2394
12147,2394
1481,2394
5312,2394
6545,2394
7421,2394
3078,2394
13455,2395
7992,2396
9588,2396
7563,2396
11685,2397
32,2397
10988,2398
12114,2398
2005,2401
5354,2401
6913,2401
1226,2401
11181,2402
5339,2403
295,2403
4968,2403
5804,2403
2455,2403
6341,2403
11168,2403
4387,2403
5251,2403
9506,2403
3538,2403
2349,2403
6086,2403
3439,2403
3087,2403
2329,2403
8151,2403
8785,2403
11838,2403
4899,2403
3355,2403
13365,2403
6398,2403
13443,2403
6531,2403
11861,2403
3632,2403
10250,2403
11690,2407
5847,2414
6275,2419
3807,2421
1671,2421
4844,2421
6685,2423
10870,2423
1094,2423
9501,2431
9970,2431
4383,2433
1816,2437
6941,2438
7551,2438
5595,2440
8056,2442
11738,2446
3363,2446
3513,2450
13317,2452
4111,2452
1888,2452
6604,2457
10147,2462
10267,2464
10790,2467
6980,2470
1688,2472
10157,2472
10902,2479
10839,2489
7986,2491
11718,2492
12630,2497
12705,2500
1968,2505
4630,2512
11736,2514
3374,2518
9,2521
11319,2521
12454,2523
7042,2524
4724,2524
11786,2524
5649,2526
5938,2527
548,2527
11297,2529
7574,2532
2760,2533
6454,2533
5677,2533
11871,2533
2060,2533
12739,2533
5030,2533
5505,2533
3855,2533
11990,2533
7997,2533
3774,2533
6884,2533
2972,2533
6401,2533
6399,2533
11721,2533
9581,2533
8991,2533
2175,2533
6272,2533
12887,2533
4660,2533
13073,2533
69,2539
5703,2541
8971,2548
2513,2548
5632,2550
8164,2559
4565,2563
11078,2565
9825,2569
7424,2572
7155,2572
3961,2572
4930,2572
7331,2572
2588,2578
6180,2582
4658,2582
5916,2584
8664,2586
2274,2586
1249,2586
8002,2587
4303,2589
12287,2598
7519,2598
6477,2598
5782,2598
960,2598
3049,2598
7547,2598
11006,2598
13253,2598
9949,2598
4808,2598
8798,2598
326,2598
8596,2598
6530,2598
10506,2598
7191,2598
2350,2598
6599,2598
6396,2598
9137,2598
7326,2598
4225,2598
2351,2599
9902,2599
12767,2599
4425,2601
11311,2602
10888,2602
5169,2602
653,2610
8639,2611
13010,2617
2308,2620
12790,2625
2623,2625
2204,2626
1048,2627
1329,2629
13218,2630
3780,2630
9640,2630
6902,2630
1126,2636
3630,2638
12846,2641
12800,2645
12316,2647
13315,2647
9781,2647
1091,2647
6448,2648
2998,2651
8770,2651
3206,2652
7354,2653
8289,2654
13216,2654
538,2655
1217,2657
2385,2657
8491,2657
282,2657
6318,2657
6263,2657
7736,2666
9031,2666
7151,2666
13471,2666
482,2667
7812,2667
8952,2675
1398,2677
1665,2679
9349,2679
5263,2679
7360,2679
390,2679
6286,2680
10724,2682
3546,2684
11144,2686
500,2696
5808,2696
9749,2707
1956,2707
1310,2707
9291,2707
6926,2707
9821,2709
876,2710
8343,2710
5864,2711
9053,2725
2085,2732
115,2732
12692,2732
3634,2732
5436,2732
13649,2732
7934,2732
568,2733
2485,2734
7443,2734
5492,2734
10030,2734
3357,2736
13398,2736
6434,2736
5767,2737
4951,2737
13498,2737
5574,2737
8260,2737
9904,2737
11296,2737
536,2737
1308,2737
3431,2737
11567,2737
7810,2737
6613,2737
1903,2737
5683,2737
4529,2737
9911,2737
4574,2737
9105,2737
11589,2737
4053,2737
7200,2737
7561,2737
10213,2737
5722,2737
10387,2737
7471,2737
12825,2737
2683,2737
6053,2737
1981,2737
10131,2737
1080,2737
7289,2737
6024,2737
8217,2737
9597,2737
11244,2737
6658,2737
9571,2737
7332,2737
1631,2737
10047,2737
10197,2737
10525,2737
10788,2737
11755,2737
6625,2737
6736,2737
12291,2737
5466,2737
6686,2737
11539,2737
7132,2737
2781,2737
5884,2737
5883,2737
6978,2737
11307,2737
11509,2737
3941,2737
12971,2737
2568,2737
6444,2737
186,2737
1190,2737
3339,2737
3178,2737
6051,2737
946,2737
1369,2737
13630,2737
10504,2737
6221,2737
10288,2737
7778,2737
5315,2737
6045,2737
4695,2737
4156,2737
2136,2737
10119,2737
13357,2737
5180,2737
2164,2737
4374,2737
6963,2737
6271,2737
5702,2737
12809,2737
7974,2737
7025,2737
5122,2737
9586,2737
7605,2737
8703,2737
5895,2737
5565,2737
6312,2737
10952,2737
12146,2737
908,2737
7366,2737
4423,2737
12393,2737
4165,2737
12130,2737
11482,2737
7023,2737
8747,2737
10349,2737
6621,2737
7663,2737
4489,2737
4414,2737
13309,2737
8315,2737
2890,2737
12199,2737
12445,2737
826,2737
13078,2737
7677,2737
2508,2737
6029,2737
3778,2737
7506,2737
3935,2737
12353,2737
8592,2737
9093,2737
13034,2737
5721,2737
10421,2737
8148,2737
1985,2737
13239,2737
9575,2737
3061,2737
9411,2737
9002,2737
7702,2737
4953,2737
6117,2737
6878,2737
4263,2737
5764,2737
3275,2737
939,2737
4836,2737
2186,2737
11555,2737
929,2737
9748,2737
9736,2737
6390,2737
11209,2737
13386,2737
9298,2737
5530,2737
10296,2737
882,2737
5948,2737
10469,2737
13669,2737
12695,2737
11918,2737
11775,2737
1,2737
7217,2737
12086,2737
13261,2737
7074,2737
8933,2737
8222,2737
8662,2737
3193,2737
10495,2737
9809,2737
1064,2737
2117,2737
10792,2737
12439,2737
11693,2737
11413,2737
600,2737
12469,2737
508,2737
8013,2737
2411,2737
6110,2737
12780,2737
9534,2737
5994,2737
1427,2737
2851,2737
93,2737
13013,2737
665,2737
12616,2737
1145,2737
11229,2737
4947,2737
10581,2737
3835,2737
13390,2737
2142,2737
7406,2737
6207,2737
6556,2737
8440,2737
3311,2737
6067,2737
1300,2737
528,2737
12139,2737
8130,2737
1887,2737
7026,2737
11888,2737
5152,2737
1054,2737
6240,2737
6594,2737
7676,2737
1271,2737
4687,2737
8988,2737
2058,2737
10313,2737
3124,2737
9502,2737
3886,2737
10778,2737
2558,2737
12156,2737
6507,2737
12254,2737
6984,2737
1341,2737
11353,2739
12225,2739
6402,2739
696,2739
13576,2739
5391,2739
2844,2744
4161,2746
10243,2746
12516,2748
11616,2748
1564,2748
12642,2748
2720,2748
10006,2748
1635,2748
9576,2748
10457,2748
3997,2748
7624,2748
11057,2748
3518,2748
6525,2748
5113,2748
7601,2748
7261,2748
6790,2752
8925,2753
11644,2753
2830,2753
6314,2753
12306,2753
8955,2753
3473,2753
12443,2753
11625,2753
10384,2753
6062,2753
8286,2753
1020,2753
4802,2753
8387,2753
13397,2753
3479,2753
11521,2763
5318,2775
7187,2777
3424,2777
3131,2778
10249,2784
11873,2787
13570,2788
4651,2788
4411,2788
3995,2790
12092,2791
2322,2791
2837,2791
10375,2791
12715,2795
10583,2795
5387,2798
3834,2799
7582,2803
4753,2810
2924,2812
3628,2812
2469,2812
8053,2812
9238,2812
6723,2812
1311,2816
10853,2818
6066,2818
11573,2818
12339,2819
2751,2819
9167,2819
2170,2819
9720,2819
6903,2819
5986,2819
3578,2825
8717,2826
11140,2826
8484,2828
9783,2829
6950,2834
4449,2845
1176,2859
6071,2864
2867,2868
7468,2868
2729,2877
8647,2877
7181,2877
2429,2880
4201,2885
5275,2885
1538,2885
4067,2886
10347,2887
728,2887
5084,2893
5839,2894
12667,2895
11075,2895
2965,2896
1024,2900
5202,2912
1331,2916
5949,2916
7081,2919
666,2922
333,2923
1215,2926
12977,2926
9078,2926
7809,2926
8173,2926
13335,2926
8926,2926
3983,2926
12448,2926
10036,2927
4653,2928
1090,2930
4031,2931
8498,2933
10251,2933
1298,2933
7243,2938
4231,2939
10228,2945
9822,2945
9338,2945
802,2945
12158,2945
12289,2945
6911,2945
1399,2945
218,2951
2307,2951
11663,2951
70,2951
2538,2963
9988,2963
5288,2967
9467,2967
3764,2967
4970,2967
6430,2967
12450,2967
373,2967
2087,2967
9791,2967
10415,2967
423,2967
5237,2967
12970,2969
10221,2978
1277,2985
5167,2989
10713,2993
10763,2993
2137,2994
10220,2995
4417,2999
247,2999
2373,2999
4706,2999
7961,3002
8631,3018
10843,3019
12,3022
751,3023
11843,3028
6647,3030
7978,3037
769,3037
619,3037
11929,3037
5459,3037
9332,3037
10434,3037
6304,3037
12228,3037
6897,3037
4050,3037
11260,3037
13188,3037
11375,3037
5893,3037
3136,3037
12683,3038
3041,3040
12765,3044
575,3044
11388,3047
261,3048
12442,3057
7065,3062
1626,3063
780,3065
6932,3067
11421,3067
11850,3067
1861,3069
4292,3069
12163,3069
3440,3070
7816,3073
1266,3074
8503,3074
8276,3074
11761,3074
1270,3074
4860,3074
12268,3074
9315,3074
6535,3074
6915,3093
2783,3095
255,3096
8118,3098
4096,3098
11063,3100
7125,3101
13541,3102
1092,3104
13166,3107
11580,3114
3565,3119
7247,3123
7246,3123
13588,3134
11157,3137
4402,3149
6895,3159
7552,3159
846,3162
4567,3165
6084,3170
3601,3173
6898,3173
6663,3173
2937,3173
10863,3173
4579,3173
3796,3173
2902,3173
6949,3173
3754,3173
8621,3173
7,3173
3232,3173
1558,3174
1466,3174
12226,3174
6007,3174
6008,3174
8553,3174
11823,3174
3276,3174
7325,3174
6606,3174
790,3174
1711,3175
10268,3176
10589,3177
9844,3177
580,3179
9353,3181
13546,3183
175,3183
5338,3183
8439,3183
13219,3185
10633,3186
13215,3187
10322,3194
5580,3202
5218,3204
1243,3205
12333,3213
252,3213
9131,3217
1651,3219
7358,3222
6751,3224
2655,3224
9464,3227
4595,3234
11848,3234
3137,3237
7066,3239
3129,3239
1338,3239
8218,3245
10951,3245
6683,3245
7135,3245
6431,3245
10874,3249
6701,3257
11543,3258
9558,3288
3266,3293
2258,3293
12748,3310
7912,3310
11256,3321
4967,3323
11845,3327
7205,3327
4994,3327
10543,3330
3615,3333
5420,3333
11548,3333
8336,3333
13030,3334
13241,3335
13456,3335
3230,3335
3420,3335
2123,3335
12057,3335
4577,3335
13023,3335
6618,3335
6194,3335
10358,3338
10867,3346
8221,3348
7294,3348
3233,3348
9243,3348
13025,3349
1867,3349
9668,3349
13560,3349
9968,3349
11499,3349
5236,3349
4507,3349
515,3349
10738,3349
2120,3349
2792,3349
11203,3350
285,3366
10580,3370
1492,3371
4558,3371
12848,3376
157,3382
7441,3388
9026,3405
13275,3405
6841,3405
11579,3405
12799,3405
9068,3405
4918,3405
12924,3408
13653,3411
8672,3412
1472,3415
10554,3419
8686,3421
6129,3422
2301,3426
9625,3430
12428,3437
3263,3437
4332,3437
7235,3437
7742,3437
3423,3437
12488,3437
7380,3437
4036,3437
10692,3437
9144,3437
9030,3437
5496,3437
4027,3437
983,3437
13564,3437
4520,3437
13061,3444
708,3446
3118,3449
12430,3449
12161,3449
11354,3449
5939,3449
3199,3449
6870,3449
5555,3449
1227,3452
245,3452
7164,3452
4763,3452
11953,3456
5464,3457
6592,3458
5639,3465
7714,3465
3468,3467
12140,3469
6102,3480
4392,3481
12603,3489
10452,3490
10449,3491
786,3492
6580,3495
12865,3497
4277,3504
6096,3504
12234,3508
7477,3509
3036,3509
9560,3509
5381,3509
12216,3510
2412,3510
3251,3510
3054,3510
8122,3510
5747,3510
773,3510
2503,3510
12475,3510
13286,3510
6734,3510
8985,3510
4420,3510
2767,3510
9007,3510
6270,3510
11737,3510
5746,3510
7668,3510
11805,3510
7303,3510
8883,3510
5376,3524
2013,3527
13180,3528
12932,3528
11405,3536
8109,3541
10831,3543
13211,3549
4710,3549
11920,3549
3462,3549
13115,3549
890,3556
8252,3566
12013,3568
4829,3570
3840,3574
3897,3584
6262,3584
4720,3584
9202,3584
3589,3590
1188,3594
5020,3595
8961,3596
10037,3599
13499,3605
13353,3614
9492,3618
1127,3618
1452,3618
52,3618
5093,3618
2427,3618
1752,3623
3393,3623
6964,3624
8234,3629
4922,3635
10139,3636
6566,3637
3810,3644
5887,3649
7628,3652
11489,3653
7377,3655
12721,3656
11446,3658
2979,3672
582,3676
4956,3680
9608,3683
8920,3697
9138,3699
911,3711
8689,3715
5834,3717
9727,3717
8068,3717
1206,3720
10127,3722
12913,3722
11784,3722
9282,3722
10487,3725
6498,3726
10681,3730
1958,3737
11384,3744
11872,3745
1557,3750
5770,3756
2762,3760
2190,3761
8569,3769
5000,3769
349,3772
11294,3776
12349,3788
7260,3788
212,3790
10137,3795
630,3799
30,3804
8789,3804
13256,3804
8918,3804
4213,3804
4806,3806
10783,3824
2314,3831
888,3832
12760,3832
3761,3835
8910,3837
20,3839
903,3851
1253,3858
10715,3861
7005,3864
11452,3874
11064,3874
12276,3882
4236,3882
2613,3882
9247,3884
1821,3884
6092,3884
9274,3884
6754,3884
1595,3887
12191,3887
13094,3894
4955,3894
13655,3896
11641,3903
8558,3903
681,3908
11234,3908
6242,3908
2132,3908
6727,3908
7844,3908
6495,3908
13585,3908
13019,3908
5063,3908
4454,3908
11430,3908
4343,3908
5453,3908
7752,3910
5270,3910
11834,3910
12331,3910
6822,3912
7661,3915
1422,3924
7341,3926
6413,3927
1100,3931
6763,3932
8733,3932
6027,3932
6010,3932
1642,3932
4006,3932
4275,3932
1281,3936
7201,3937
12684,3943
12781,3946
1652,3952
3533,3952
6198,3952
4810,3952
5957,3958
9459,3963
6408,3972
7422,3977
120,3977
325,3977
2493,3977
6695,3977
464,3977
7002,3977
4531,3977
7557,3977
7949,3977
6166,3977
3252,3977
7308,3977
9092,3977
781,3977
2011,3977
3517,3977
10672,3977
10898,3977
372,3977
6945,3977
6574,3977
4659,3977
6726,3977
6869,3977
577,3977
10372,3977
12148,3977
12492,3977
13017,3977
2873,3977
12831,3977
8018,3977
5287,3977
4799,3979
12666,3979
12487,3979
8101,3980
7988,3980
11946,3986
954,3986
8152,3986
3243,3987
3434,3990
10096,3993
7527,3993
754,4015
8559,4018
4187,4018
9590,4018
6378,4018
3973,4018
6012,4018
2872,4018
3283,4018
11111,4018
822,4018
5624,4018
7432,4018
10668,4018
7258,4018
11021,4018
12886,4018
10455,4018
10222,4018
10350,4018
9831,4018
3688,4018
10086,4020
682,4020
5347,4020
4033,4020
4596,4020
8633,4020
4005,4020
6153,4020
566,4020
13183,4020
2146,4020
9041,4020
3960,4020
7385,4020
10423,4020
12838,4020
12900,4020
4182,4020
12712,4020
12515,4020
8527,4020
2661,4020
10269,4020
9726,4020
641,4020
9179,4020
5837,4020
5836,4020
6733,4020
4196,4020
321,4020
4701,4020
5475,4020
9863,4020
870,4020
2871,4020
4173,4022
12693,4024
9019,4024
12641,4025
4452,4025
9729,4030
8141,4034
1879,4037
1707,4037
3359,4038
9318,4038
10697,4041
6957,4042
9278,4047
11792,4047
12858,4047
1868,4047
1057,4047
7741,4047
5671,4049
9104,4051
10061,4052
5684,4055
1957,4056
727,4063
395,4065
12779,4068
13453,4074
9693,4075
8512,4076
8874,4076
13111,4076
7584,4076
1494,4076
9197,4077
9405,4077
6999,4077
4940,4077
11526,4077
6782,4077
7252,4078
8649,4078
13306,4078
2321,4078
6228,4078
5034,4079
11913,4079
10416,4079
6719,4079
11024,4079
2878,4079
6692,4079
10919,4079
6864,4079
12564,4079
8901,4079
3843,4079
4002,4079
13531,4079
3901,4079
1296,4079
1480,4079
2034,4079
5316,4079
12318,4079
6099,4079
3802,4079
4119,4079
10418,4079
4875,4079
8934,4079
139,4079
12394,4079
1622,4079
9674,4079
8389,4079
6660,4079
9564,4079
10795,4079
13659,4079
7426,4079
6526,4079
13302,4079
4251,4079
7364,4079
10980,4079
1690,4079
5229,4079
2815,4079
309,4079
2203,4079
12453,4079
7014,4079
1951,4079
4163,4079
6134,4079
5151,4079
6411,4079
4480,4079
453,4079
9175,4079
13109,4079
1573,4079
978,4079
6358,4079
3899,4079
8645,4079
2264,4079
2833,4079
657,4079
6617,4079
12461,4079
8938,4079
3813,4079
8644,4079
8632,4079
1927,4079
1683,4079
7951,4079
12615,4079
5953,4079
4298,4079
3053,4079
359,4079
6424,4079
13141,4079
6682,4079
9028,4079
100,4079
1697,4079
5833,4079
7796,4079
8759,4079
10118,4079
7461,4079
5999,4079
9563,4079
3184,4079
3702,4079
7199,4079
10485,4079
8323,4079
435,4079
11610,4079
1572,4079
2685,4079
3597,4079
4060,4079
1490,4079
6883,4079
3155,4079
5234,4079
854,4079
2600,4079
4032,4079
11248,4079
10659,4079
5842,4079
459,4079
10168,4079
6946,4079
10743,4079
11972,4079
6393,4079
9976,4079
7117,4079
3587,4079
6322,4079
11004,4079
10914,4079
8916,4079
1463,4079
10819,4079
1177,4079
12095,4079
11733,4079
6901,4079
12186,4079
7776,4079
1645,4079
7512,4079
2187,4079
4854,4079
4013,4079
12310,4079
10544,4079
6142,4079
3917,4079
11591,4079
12679,4079
4700,4079
11679,4079
11684,4079
6783,4079
11504,4079
6137,4079
1491,4079
384,4079
1303,4079
6860,4079
11109,4079
5473,4079
4011,4079
13300,4079
10463,4079
5643,4079
4166,4079
4770,4079
8691,4079
8297,4079
13658,4079
5987,4079
13598,4079
6967,4079
920,4079
1518,4079
12105,4079
8090,4079
13650,4079
13516,4079
11877,4079
8288,4079
10881,4079
5296,4079
13527,4079
8267,4079
7467,4079
861,4079
1657,4079
11070,4079
11699,4079
13491,4079
5417,4079
4884,4079
3690,4079
7234,4079
9277,4079
11208,4079
274,4079
12613,4079
466,4079
1053,4079
7718,4079
8214,4079
12416,4079
7307,4079
7580,4079
8514,4079
741,4079
13507,4079
12460,4079
10989,4079
11942,4079
1302,4079
11321,4079
111,4079
2757,4079
11851,4079
8588,4079
3797,4079
12741,4079
7271,4079
13530,4079
1374,4079
7602,4079
4200,4079
2800,4079
11490,4079
8987,4079
4775,4079
276,4079
2642,4079
4407,4079
1728,4079
6440,4080
4379,4087
2725,4089
3483,4093
4107,4093
6920,4093
2831,4093
4964,4093
4937,4093
2928,4093
1706,4093
9703,4093
10441,4099
12256,4099
2080,4099
7910,4099
3981,4103
965,4106
11401,4108
4101,4109
13606,4115
9480,4115
10354,4115
6094,4115
12269,4115
11891,4117
6789,4122
12550,4122
13075,4125
1103,4126
9380,4129
10811,4129
11258,4129
8629,4131
10858,4131
6437,4132
13438,4136
13022,4136
10860,4136
6608,4144
7763,4148
6976,4158
9203,4158
7318,4158
3708,4162
10420,4168
11745,4170
1536,4180
2129,4185
9959,4185
11436,4185
2319,4185
1437,4185
1420,4190
1672,4192
7615,4197
6972,4206
6251,4214
4373,4214
2920,4214
3731,4214
5566,4216
4139,4218
1194,4222
10435,4224
6707,4224
637,4226
9595,4230
6075,4230
13358,4230
3895,4230
5431,4230
2663,4235
7382,4235
2811,4235
10866,4235
6130,4235
10377,4239
13203,4242
75,4242
9795,4242
4327,4245
10880,4248
6257,4252
9855,4258
9856,4258
12532,4261
2468,4261
6881,4268
11907,4269
1007,4270
7390,4270
2004,4272
5022,4272
5657,4281
470,4282
9923,4284
9862,4284
11467,4284
1006,4284
11739,4287
12192,4289
4194,4293
12876,4306
3117,4306
7728,4306
10436,4308
8165,4308
2378,4311
4998,4312
4368,4316
6391,4323
11254,4323
4650,4323
8472,4325
11383,4333
3121,4336
13567,4339
7210,4340
5306,4344
4988,4344
10064,4344
1653,4344
6936,4345
7037,4346
3576,4351
8636,4360
7684,4363
3364,4364
10363,4381
4545,4391
9637,4393
8352,4395
3076,4395
4735,4395
6077,4399
8135,4400
4401,4400
3312,4404
3313,4404
8989,4406
1256,4413
1283,4413
416,4415
10413,4418
13082,4424
6457,4428
7031,4436
9366,4437
2064,4437
899,4437
8020,4437
3554,4437
7539,4437
3425,4437
11506,4438
10588,4438
3766,4438
8078,4438
2473,4438
5092,4438
11596,4444
4359,4449
9217,4449
10484,4466
4384,4471
12722,4472
448,4473
10486,4477
12631,4477
13568,4478
4440,4478
8583,4478
7898,4478
10145,4478
12285,4478
6523,4478
11779,4481
5909,4497
11367,4503
2418,4505
6464,4505
8233,4510
4522,4515
3878,4527
13146,4536
3082,4540
5604,4540
2287,4540
5584,4540
1715,4540
2019,4551
361,4552
976,4552
7716,4552
2199,4552
2003,4552
7474,4552
7638,4552
8198,4552
7302,4552
9881,4552
3416,4552
9732,4555
9887,4559
9886,4559
3782,4562
1273,4564
9490,4568
12125,4571
3971,4576
7897,4576
339,4589
1647,4590
4337,4590
10978,4590
1030,4590
9409,4593
3675,4594
6013,4594
7735,4594
11107,4600
3823,4602
9987,4617
10775,4624
11956,4628
3728,4630
6612,4632
4128,4633
5161,4637
8867,4641
8792,4654
12945,4654
9629,4657
3714,4666
7545,4669
5977,4669
6887,4682
13363,4684
2970,4684
591,4685
13618,4689
8073,4690
10925,4690
5539,4690
5377,4690
13389,4690
10798,4690
10990,4690
4765,4690
4538,4690
8390,4690
1035,4690
12796,4690
10042,4690
13040,4690
9567,4690
12904,4690
4815,4690
4819,4690
2342,4690
4929,4690
10698,4690
10099,4690
9127,4690
1371,4690
3939,4690
12103,4690
8179,4690
9850,4690
9121,4690
2038,4690
5463,4690
5330,4690
1166,4690
7178,4690
10744,4690
7604,4690
13238,4690
7312,4690
2633,4690
10198,4690
11830,4690
605,4690
13171,4690
9170,4690
11908,4690
10999,4690
9811,4690
13633,4690
12109,4690
10281,4690
2991,4690
6755,4690
304,4690
9998,4690
10176,4690
13018,4690
5533,4690
7656,4690
10667,4690
497,4690
11408,4690
56,4690
3949,4690
3050,4690
984,4690
6832,4690
452,4690
10130,4690
11865,4690
4262,4690
6492,4690
8105,4690
4453,4690
6718,4690
12297,4691
7437,4693
12580,4693
10208,4693
680,4693
9048,4693
2276,4693
7309,4696
10465,4697
7596,4697
5155,4697
13143,4702
4256,4707
4711,4712
9343,4715
8074,4715
4130,4715
7020,4715
3719,4715
9773,4715
623,4715
12834,4717
6340,4718
2415,4718
7444,4718
4796,4724
12020,4725
5585,4727
10636,4731
443,4739
13466,4739
11227,4743
8427,4744
3893,4744
3507,4747
839,4756
9451,4761
1483,4761
1489,4761
7550,4761
12085,4761
883,4762
3794,4766
10057,4766
5105,4767
11136,4773
7051,4792
4794,4792
3659,4792
5212,4797
3279,4797
7276,4801
6347,4801
12788,4803
2172,4803
2253,4804
12783,4809
11084,4816
4193,4824
554,4824
10254,4831
389,4837
7229,4837
393,4837
7410,4837
8057,4837
3009,4837
2271,4837
2261,4837
608,4837
5404,4837
7158,4837
9787,4837
7740,4840
11056,4840
9816,4849
13079,4858
5002,4859
9379,4863
10718,4869
3689,4870
6598,4870
10664,4870
4405,4876
7873,4876
3865,4876
778,4879
3942,4881
3523,4888
11551,4888
2955,4889
10592,4890
400,4892
845,4896
7190,4896
6316,4896
3314,4896
7879,4896
12012,4896
11700,4896
4897,4907
7136,4912
7184,4912
3520,4912
7299,4912
13619,4926
2906,4927
13014,4928
1133,4932
13548,4933
3784,4943
13095,4954
7993,4960
7780,4960
12618,4963
7866,4965
13015,4968
11500,4978
2723,4981
5876,4983
11677,4986
8640,4986
4795,4987
6276,4987
2454,4987
2451,4993
5774,4995
631,4999
3220,5005
3072,5006
12405,5006
11527,5006
13467,5006
8026,5013
10402,5013
4189,5013
2665,5021
10855,5021
8544,5021
10346,5021
4260,5026
5591,5026
13413,5026
12714,5026
9407,5026
4845,5026
5648,5026
10468,5026
7387,5026
9283,5026
7972,5048
2032,5048
12963,5048
11670,5051
5741,5056
11726,5061
6536,5065
3395,5066
1700,5068
3427,5069
7480,5070
12652,5086
5680,5086
11924,5088
5727,5088
571,5094
7666,5101
5117,5112
1649,5112
11279,5112
1432,5112
354,5112
10655,5112
5121,5112
5110,5112
8036,5112
9077,5112
13145,5112
11598,5112
4176,5116
3328,5116
6126,5117
8367,5117
7466,5118
1433,5118
10676,5118
6516,5125
5578,5125
5873,5127
4385,5134
10576,5138
9814,5139
12077,5145
5438,5153
6293,5158
6879,5159
4786,5159
2474,5160
7015,5171
3562,5172
10670,5182
7968,5184
5147,5187
12841,5194
4138,5206
3786,5217
6721,5217
7297,5219
13636,5221
11764,5234
357,5237
9796,5239
13045,5241
8994,5241
6090,5241
11989,5241
9603,5241
3140,5241
7533,5241
10536,5241
7976,5241
10515,5241
546,5241
10958,5241
8308,5241
6742,5241
121,5241
2236,5241
2694,5241
3360,5241
6905,5241
12927,5241
8416,5241
13616,5241
10623,5241
10520,5241
4645,5241
6009,5241
7647,5241
1461,5241
12543,5241
11870,5241
8400,5241
6039,5241
1159,5241
13181,5241
5181,5241
2449,5241
11364,5241
10360,5241
9599,5241
5053,5241
601,5241
9764,5241
10412,5241
11320,5241
6614,5241
2545,5241
6334,5241
3758,5241
6247,5241
669,5241
1138,5241
4874,5241
13304,5241
10407,5241
6022,5241
7452,5241
3817,5241
11316,5241
11317,5241
1931,5241
10174,5241
8937,5241
672,5241
7442,5241
3850,5241
12769,5241
6985,5241
3747,5241
8814,5241
3838,5241
6947,5241
3792,5241
71,5241
5781,5241
6725,5241
8337,5241
7959,5241
6673,5241
12343,5241
11720,5241
10224,5241
4461,5241
5806,5241
4066,5241
7583,5241
10054,5241
2056,5241
2646,5241
6674,5241
8251,5241
9956,5241
5810,5241
3687,5241
12324,5241
7874,5241
10572,5241
11859,5241
12955,5241
8341,5241
3951,5241
6326,5241
11689,5241
7475,5241
7218,5241
12171,5241
10276,5241
4369,5241
2658,5241
901,5241
3285,5241
1335,5241
12980,5241
11905,5241
4686,5241
3270,5241
11763,5241
9076,5245
12288,5246
10260,5257
3020,5264
7799,5277
10115,5278
10494,5278
4704,5278
1150,5278
7518,5278
11342,5278
427,5278
6677,5278
569,5278
5394,5278
11557,5278
2220,5278
3693,5278
11450,5278
12813,5289
4246,5290
757,5290
8605,5291
13240,5295
832,5311
12839,5311
2507,5313
13565,5314
609,5314
5535,5314
1992,5314
3557,5321
13067,5321
8543,5321
80,5326
10196,5326
875,5328
5343,5328
8980,5329
4046,5335
8157,5343
7717,5350
7653,5350
7230,5355
10967,5357
9670,5357
9050,5358
5363,5358
11013,5360
1990,5363
2131,5374
6070,5382
3307,5385
6427,5388
9990,5388
3302,5388
12981,5388
7458,5388
5605,5388
11122,5389
13175,5406
11381,5406
8708,5406
10808,5406
15,5406
4028,5407
10631,5407
5793,5407
488,5407
6862,5408
9011,5413
8127,5419
11323,5420
8718,5422
9550,5424
2356,5424
1153,5428
9715,5433
8216,5434
8139,5439
4487,5441
12508,5441
12704,5441
7958,5441
409,5447
5120,5455
11330,5465
8083,5467
1254,5471
8773,5477
12759,5479
207,5483
1964,5486
9427,5486
7941,5488
2205,5488
1196,5490
6954,5490
2698,5497
8970,5498
12455,5505
10567,5506
9180,5506
10756,5507
9742,5509
4814,5509
10722,5509
4889,5509
3397,5509
6266,5517
12483,5521
5116,5526
6028,5526
3480,5529
375,5529
11576,5529
12200,5529
9472,5530
5603,5530
5531,5532
1945,5542
6356,5546
12659,5551
12929,5553
7108,5560
2677,5564
11821,5564
198,5564
9422,5564
10227,5564
9734,5564
2494,5564
11919,5564
1608,5564
7144,5564
1279,5564
7319,5568
5185,5569
5588,5587
9650,5590
9396,5594
22,5600
4212,5600
3013,5614
1904,5614
8709,5614
1817,5614
1885,5614
9578,5614
11858,5614
5109,5614
7753,5614
13295,5614
4732,5614
8864,5614
6133,5614
5351,5614
8719,5614
10082,5614
789,5614
9935,5614
12113,5614
107,5614
11933,5614
6109,5614
9141,5614
224,5614
5334,5614
9246,5614
5625,5614
6765,5614
5637,5614
13495,5614
9504,5614
5131,5614
11528,5614
9755,5614
924,5614
7517,5614
1366,5614
4771,5614
4664,5614
4494,5614
3889,5614
1264,5614
969,5614
2239,5614
9132,5614
12824,5614
10595,5614
11090,5614
2504,5614
3024,5614
6699,5614
6739,5614
5992,5614
7903,5614
3352,5614
2489,5614
4378,5614
7808,5614
668,5614
4398,5614
5545,5614
11422,5614
12648,5614
9350,5614
1851,5614
7783,5614
11106,5614
3783,5614
4116,5614
8132,5614
9240,5614
13657,5614
6616,5614
8125,5614
5148,5614
649,5614
8620,5614
12357,5614
13632,5614
12590,5614
7538,5614
1836,5614
11495,5614
6776,5614
12903,5614
6189,5614
460,5614
10063,5614
4979,5614
9357,5614
4142,5614
1681,5614
6078,5614
10293,5614
4777,5614
8579,5614
9908,5614
8928,5614
9200,5614
3679,5614
8134,5614
11337,5614
10899,5614
3732,5614
6441,5614
2557,5614
8822,5614
1359,5614
12717,5614
9628,5614
9963,5614
9460,5614
6629,5614
4433,5614
6505,5614
1252,5617
13227,5617
1827,5617
9009,5617
11116,5617
3145,5617
2813,5619
12584,5626
439,5633
7914,5651
1354,5652
2614,5653
8826,5655
2616,5661
4828,5664
344,5667
5025,5669
4071,5670
6005,5676
6116,5677
5446,5685
1240,5685
13376,5687
2662,5691
2793,5695
9245,5699
4768,5700
8305,5704
7409,5712
4834,5712
2673,5713
5924,5720
5255,5723
4716,5723
9431,5724
7316,5724
7793,5724
8673,5724
2405,5724
1594,5724
9128,5724
10889,5724
9981,5724
3674,5724
985,5724
2197,5724
3870,5724
2298,5724
5043,5724
12203,5724
5922,5724
12224,5724
4752,5724
1689,5724
12864,5724
5923,5724
11854,5724
4615,5724
5945,5724
4457,5735
8480,5735
8965,5736
12235,5758
11238,5758
11985,5758
12909,5758
11433,5758
3650,5758
4511,5758
2847,5758
4612,5758
6405,5758
8195,5758
10493,5758
2148,5758
8363,5758
803,5758
3716,5758
7871,5758
9386,5758
12233,5758
5880,5760
12919,5766
4629,5768
9572,5769
13168,5775
9921,5776
7811,5779
11826,5785
12735,5786
12436,5791
3752,5794
6204,5794
12837,5794
7188,5794
1872,5794
8895,5794
11076,5794
11123,5794
2565,5794
3663,5794
6026,5794
8210,5794
5409,5794
4105,5794
11082,5794
2960,5796
279,5812
8059,5813
1954,5818
2914,5822
5823,5824
660,5841
4709,5843
11564,5843
4945,5845
316,5845
11501,5849
9339,5854
5183,5854
2046,5855
3042,5855
3681,5858
8244,5879
450,5882
13463,5882
5970,5882
9516,5882
4817,5886
11874,5891
2015,5897
10432,5908
12328,5908
7932,5908
8027,5908
10882,5908
38,5908
13414,5908
4723,5908
6186,5908
5674,5913
12891,5928
6392,5934
13063,5936
9362,5952
4464,5956
7698,5960
627,5960
2211,5960
5035,5960
9368,5960
4285,5965
4280,5968
7585,5969
7586,5969
305,5983
9461,5983
5164,5983
7987,5984
11895,5993
950,5997
10110,6000
11914,6002
5676,6005
7476,6006
739,6016
10774,6018
7305,6019
11981,6024
10913,6050
9201,6054
8291,6057
8774,6061
9671,6063
13158,6064
2865,6072
6529,6082
5598,6083
5901,6083
9609,6083
1542,6086
4643,6086
8201,6087
1175,6088
3464,6098
3324,6098
5331,6102
3001,6107
12084,6113
12754,6119
12773,6122
1523,6125
5162,6125
1431,6127
3617,6128
3938,6131
1662,6140
6527,6145
8835,6148
7450,6151
723,6171
10573,6173
10475,6174
13303,6177
1524,6183
241,6184
11355,6205
12819,6212
6206,6215
2758,6217
9717,6217
9941,6217
11040,6220
12656,6220
3844,6224
7900,6226
10187,6226
3862,6226
9309,6226
7335,6226
11009,6226
535,6226
982,6226
8643,6226
13596,6226
6055,6226
5302,6229
11054,6232
8332,6232
13496,6232
7479,6232
13440,6233
2687,6243
10822,6246
8115,6246
10338,6246
614,6248
8626,6250
6252,6253
10270,6259
7955,6259
9848,6259
692,6261
1834,6265
6595,6267
10983,6276
864,6279
13153,6280
12385,6283
11711,6285
7189,6285
7228,6285
12359,6290
408,6290
12966,6294
9392,6301
8851,6306
11306,6308
7904,6309
4470,6309
221,6321
7790,6329
3022,6337
12750,6342
10661,6348
4299,6370
2667,6372
1749,6372
5489,6373
7046,6381
9807,6384
13339,6385
1044,6385
4177,6385
921,6385
6856,6385
3068,6385
7099,6385
8501,6388
11113,6400
11837,6400
9607,6400
5519,6400
10171,6400
9455,6404
13055,6404
9250,6414
12756,6415
1267,6423
3139,6442
8669,6443
759,6443
9308,6447
2990,6447
12409,6449
5903,6456
13668,6459
6429,6476
1852,6476
6422,6476
7787,6476
10318,6476
2073,6476
5840,6476
3962,6479
4475,6479
12000,6485
4781,6487
4782,6487
2606,6487
604,6493
9072,6499
6503,6502
152,6508
13116,6514
3668,6514
6346,6514
2856,6514
10609,6514
7379,6514
2701,6514
2181,6514
7401,6514
11643,6519
12915,6530
2149,6538
11263,6539
6172,6539
6234,6542
13462,6548
5348,6548
6455,6551
3143,6553
5443,6558
5149,6561
3723,6562
11128,6563
5359,6566
11725,6567
3608,6567
720,6568
7273,6568
4846,6568
9402,6568
4848,6568
714,6568
4048,6597
8642,6615
6620,6623
11204,6624
3591,6626
3447,6626
7034,6628
4283,6630
13445,6633
4969,6633
11046,6633
7695,6633
4516,6633
13514,6633
859,6644
11038,6644
4482,6646
6995,6649
9270,6654
12274,6654
5398,6664
6480,6665
13292,6679
4390,6679
4023,6679
4123,6679
4867,6679
1936,6680
335,6680
12011,6684
9798,6695
8066,6698
5575,6698
12414,6702
8921,6703
8301,6703
290,6703
4255,6703
5345,6703
10943,6708
4274,6728
3956,6735
6059,6737
9888,6737
7743,6741
11922,6741
6269,6743
6048,6744
7068,6745
8098,6745
11487,6745
11613,6745
9303,6745
11382,6750
11483,6750
4656,6769
12400,6769
6809,6769
5333,6770
776,6770
11438,6784
6287,6784
2309,6784
1301,6784
7213,6784
5139,6784
12531,6784
7058,6784
13068,6784
8116,6784
10397,6787
4721,6791
11283,6791
4199,6795
3970,6802
12350,6802
9953,6803
3891,6804
10370,6810
9171,6810
3512,6814
8813,6814
4181,6816
2081,6818
13628,6821
11967,6823
13314,6823
5096,6825
10451,6825
597,6825
12099,6825
10780,6825
7880,6825
1295,6825
10789,6825
13161,6825
3577,6825
5416,6825
6332,6825
1282,6825
9436,6825
2676,6825
8752,6825
10290,6825
9957,6825
13271,6825
3856,6825
8010,6825
7723,6825
3242,6825
84,6825
5524,6825
9155,6825
4154,6825
1237,6825
8174,6825
8749,6825
732,6825
9372,6825
9627,6825
4923,6825
4175,6825
7003,6825
11400,6825
3282,6825
6689,6825
9259,6828
7039,6829
2475,6836
11273,6840
2333,6840
11695,6840
1098,6844
679,6850
5851,6850
329,6852
2074,6853
7965,6859
10259,6861
204,6861
2929,6861
7239,6867
3715,6876
587,6877
13607,6882
3096,6892
9538,6893
271,6899
6747,6900
9143,6900
4442,6927
8585,6928
12997,6929
13113,6938
6403,6939
1414,6939
4026,6939
606,6939
6891,6942
4997,6948
9859,6953
6888,6956
9241,6962
10907,6966
6284,6979
7926,6979
1676,6992
3966,6992
8129,6992
7008,7006
7004,7007
1230,7018
7091,7018
4931,7018
11965,7019
8517,7022
6468,7022
14,7024
729,7032
549,7032
5896,7032
13038,7032
4478,7032
13610,7032
13605,7032
1996,7032
2145,7033
2320,7040
2358,7040
2583,7040
6297,7040
11404,7040
10239,7040
8499,7041
9112,7044
11325,7045
1459,7047
11313,7048
12438,7053
7265,7059
7264,7059
12687,7061
5003,7061
1820,7061
7378,7062
8956,7066
12435,7068
11853,7086
13419,7091
8268,7093
10410,7093
12059,7093
2445,7093
3515,7103
8847,7104
2697,7104
4188,7104
3083,7109
4153,7113
8138,7115
11657,7116
4491,7118
2471,7121
12320,7121
2371,7121
4852,7121
4679,7121
5412,7121
5647,7121
12478,7121
3925,7121
12378,7121
2515,7121
11275,7124
5259,7126
5204,7147
3373,7148
12737,7148
10339,7148
3392,7160
697,7160
6100,7160
4184,7160
13536,7162
12340,7176
3821,7177
9676,7177
2388,7177
7577,7177
5205,7177
9642,7203
11443,7203
13033,7219
820,7238
5805,7256
700,7269
1211,7269
7277,7283
12685,7283
257,7283
5831,7283
11696,7283
4354,7288
4561,7288
11592,7288
7285,7288
9227,7291
5456,7295
13307,7297
7542,7297
9351,7306
8855,7313
2947,7322
12395,7334
1713,7337
1017,7338
9413,7344
8999,7354
5352,7362
11939,7365
3493,7393
9094,7393
5552,7394
6338,7395
1089,7402
7469,7408
3138,7414
4835,7415
4560,7416
13569,7418
8670,7418
5690,7428
7435,7434
13212,7439
4082,7462
13519,7462
11298,7462
3793,7472
3964,7473
10620,7473
11066,7486
5111,7486
5426,7486
5882,7486
3264,7486
2716,7486
10652,7489
12606,7495
12744,7500
11954,7501
11182,7502
8831,7502
6639,7502
3501,7502
1876,7502
6645,7502
8716,7502
1469,7502
5757,7502
12481,7502
12571,7502
10680,7502
13459,7502
366,7502
2196,7502
6578,7502
10473,7502
2575,7502
7823,7508
10371,7516
406,7522
5175,7524
8993,7530
10850,7543
6712,7543
6961,7543
2609,7543
13207,7554
2178,7554
5166,7554
2045,7554
11453,7554
5383,7554
12897,7554
3585,7569
2037,7569
4580,7571
11609,7572
1771,7576
1201,7576
2229,7576
150,7576
6834,7576
9974,7576
13654,7576
12947,7581
4833,7590
3287,7591
7194,7592
3235,7593
2764,7600
9075,7611
1386,7617
3478,7619
1922,7622
1074,7630
2162,7630
6709,7631
4703,7631
11322,7631
8572,7631
2574,7634
13457,7636
4774,7641
5850,7645
6965,7649
10244,7649
7655,7652
856,7657
4903,7659
5608,7670
8758,7674
12054,7675
2103,7675
5054,7675
13039,7675
1002,7678
4318,7685
4040,7700
8842,7701
10521,7701
6161,7701
2540,7703
11898,7705
11772,7705
6988,7710
4439,7710
9784,7710
1717,7711
10733,7719
13132,7719
6868,7719
5154,7719
819,7719
2334,7719
11852,7721
7722,7726
11389,7727
13645,7733
7534,7736
11390,7737
6061,7737
6081,7737
7355,7737
11505,7746
3280,7749
1200,7750
7192,7756
17,7756
11639,7756
6756,7756
3920,7756
12122,7756
5668,7756
7609,7756
1949,7756
13497,7756
5867,7756
9249,7756
3332,7756
9636,7756
11403,7756
9906,7756
8545,7756
695,7756
9747,7756
6188,7756
12272,7756
3262,7756
11794,7756
4104,7756
7052,7756
7800,7756
8264,7756
4431,7758
4547,7762
2024,7764
13114,7766
11665,7777
4694,7784
13308,7784
2382,7784
9320,7791
1531,7792
12431,7792
10235,7795
7806,7805
7797,7805
3718,7807
6671,7807
13160,7813
10769,7819
9885,7822
6977,7826
2743,7828
392,7848
3742,7848
5379,7851
10159,7853
2980,7853
4675,7860
9760,7860
12614,7861
13648,7862
13656,7863
6506,7870
9766,7877
9794,7894
10930,7894
1797,7894
7267,7901
2031,7917
9591,7924
65,7925
6511,7933
3453,7935
7950,7940
5679,7941
11295,7943
9810,7944
5558,7947
10100,7947
3306,7954
12346,7954
12518,7962
12664,7962
13293,7962
5577,7962
1929,7962
12284,7962
11277,7975
10308,7994
4208,8006
7890,8007
1970,8012
9003,8012
590,8015
11983,8019
445,8025
543,8028
2897,8028
3759,8028
3661,8028
11097,8028
8207,8028
10192,8028
3685,8028
8656,8028
7029,8028
2498,8028
12322,8028
7938,8028
852,8028
7240,8028
12321,8028
1073,8028
1356,8028
12037,8028
2511,8028
11219,8028
2640,8028
2300,8028
13346,8028
11314,8028
7562,8028
3553,8028
5688,8028
11426,8028
7911,8028
588,8028
2222,8028
2290,8033
2839,8039
12363,8039
13555,8039
1214,8042
12376,8042
4635,8042
8345,8042
6669,8042
11476,8042
3907,8045
7438,8045
2628,8051
6407,8051
2852,8051
9181,8054
4518,8054
6799,8055
2771,8055
10885,8060
9296,8064
10325,8065
8906,8069
6460,8072
232,8076
8861,8077
7078,8081
1815,8085
473,8086
12101,8087
10032,8093
1744,8094
13578,8094
2690,8094
1892,8094
3200,8094
5241,8094
5242,8094
10283,8094
1039,8094
2477,8094
765,8094
8866,8094
2982,8094
3741,8094
9486,8094
11153,8094
5614,8094
7368,8094
1543,8094
11478,8094
10173,8094
3027,8094
13660,8094
13190,8094
4949,8094
11434,8094
10135,8094
4714,8094
7209,8094
7785,8094
5627,8094
4468,8094
1883,8094
3111,8094
2012,8094
5750,8094
10422,8094
8009,8094
2986,8094
3272,8094
12398,8094
3400,8094
7544,8094
3530,8094
712,8094
12749,8094
5816,8094
10533,8094
9909,8094
4665,8094
13326,8094
1473,8094
9168,8094
3014,8094
12763,8094
9166,8094
6588,8094
11267,8094
8836,8094
1901,8094
5322,8094
5564,8094
858,8094
6435,8094
8146,8094
13617,8094
4159,8094
1093,8094
3809,8094
7227,8094
13432,8094
4759,8094
2106,8094
8249,8094
13035,8094
8903,8094
7320,8094
6648,8094
10741,8094
12931,8094
12330,8094
12317,8094
9730,8094
3236,8094
322,8094
254,8094
7999,8094
1114,8094
8441,8094
13350,8094
1965,8094
5126,8094
5817,8094
559,8094
12633,8094
10216,8094
12675,8094
5008,8094
12107,8094
12286,8094
7028,8094
6273,8094
8767,8094
92,8094
2430,8094
2964,8094
1987,8094
4530,8094
12526,8094
10181,8094
12811,8094
12512,8094
7824,8094
10682,8094
7520,8094
3880,8094
3284,8094
2861,8094
12042,8094
563,8094
1246,8094
5918,8094
991,8094
3189,8094
9978,8094
1746,8094
5807,8094
9145,8094
5232,8094
6748,8094
10049,8094
10507,8094
6327,8094
7420,8094
10305,8094
11473,8094
6483,8094
12142,8094
11293,8094
2564,8094
927,8094
4445,8094
9487,8094
11062,8094
10026,8094
7214,8094
4409,8094
13600,8094
6216,8094
6105,8094
3394,8094
1343,8094
11754,8094
5107,8094
6330,8094
13282,8094
572,8094
6801,8094
1228,8094
2238,8094
10879,8094
1593,8094
11425,8094
10132,8094
8816,8094
3197,8094
7120,8094
3377,8094
655,8094
5069,8094
2672,8094
3847,8094
9370,8094
11196,8094
3209,8094
892,8094
2712,8094
7654,8094
1079,8097
11517,8097
5135,8103
7913,8103
3486,8103
9113,8104
430,8106
11415,8106
5706,8106
6079,8106
4356,8106
611,8106
5886,8106
1856,8107
8128,8108
6291,8108
2836,8112
9376,8113
8687,8113
3957,8113
10092,8113
3965,8113
11216,8113
4871,8113
8765,8116
10107,8119
6497,8131
7825,8142
214,8143
8144,8145
4009,8147
3267,8167
6676,8167
4278,8167
886,8167
6001,8167
91,8167
7076,8167
6241,8167
10214,8167
9601,8167
12472,8167
9198,8167
13285,8167
8539,8167
11146,8167
10294,8193
4145,8199
11807,8206
8183,8213
8566,8215
10794,8235
7451,8246
6565,8252
5733,8262
5892,8273
8537,8273
6482,8273
3808,8279
6382,8281
7317,8281
4644,8295
10614,8296
2949,8299
9302,8300
9779,8300
11395,8310
3643,8312
9061,8312
9251,8312
731,8313
10024,8313
10651,8313
2361,8320
13270,8325
2267,8328
2383,8329
7712,8331
7920,8331
4357,8333
5462,8333
5762,8333
3159,8357
1327,8357
12463,8358
7869,8359
7012,8360
5748,8372
13401,8374
3103,8394
2930,8397
10203,8399
9086,8401
8403,8402
13395,8420
12793,8420
11365,8420
9689,8420
7143,8420
1352,8420
1692,8420
13399,8420
4466,8421
11735,8422
10431,8422
5018,8422
8573,8422
3666,8422
9813,8422
13283,8422
8001,8422
6788,8422
3527,8422
11716,8422
12626,8422
632,8422
12424,8422
6339,8422
12102,8422
8376,8422
2448,8422
8659,8422
9708,8422
7202,8422
9804,8422
201,8422
3469,8422
6095,8422
13191,8422
13375,8422
8739,8422
9478,8422
2576,8422
8823,8422
10669,8422
3248,8422
7060,8422
13152,8422
5077,8422
8535,8422
2126,8422
307,8422
5353,8422
5638,8422
9134,8422
5285,8422
7131,8422
2571,8422
8609,8422
4348,8422
10142,8422
11049,8422
2083,8422
9120,8422
3748,8422
9614,8422
7134,8422
2040,8422
860,8422
5336,8422
5980,8422
804,8422
12699,8422
8507,8422
2198,8422
6181,8422
11973,8422
6342,8422
5696,8422
6678,8422
8346,8422
4233,8422
12206,8422
1045,8422
8176,8422
2703,8422
7465,8422
13415,8422
8530,8422
9106,8422
3811,8422
13182,8422
9530,8422
975,8422
7464,8422
5019,8422
13024,8425
7709,8425
360,8425
8838,8425
9294,8425
13511,8425
2747,8425
315,8425
9421,8425
9169,8425
8347,8425
2603,8426
1606,8426
6418,8426
10112,8426
6325,8426
9313,8426
11031,8426
9244,8426
1939,8434
2731,8434
10920,8435
12062,8435
1146,8435
4944,8435
1470,8437
10547,8442
8303,8442
5386,8444
5050,8444
9788,8445
8624,8452
5576,8453
3583,8453
3545,8453
11797,8453
9008,8453
12232,8453
2499,8453
6462,8453
8339,8453
6889,8453
541,8453
8497,8453
5740,8453
10548,8453
2306,8453
9230,8453
4883,8453
5963,8453
8271,8453
13362,8453
12601,8453
6958,8453
8744,8453
7946,8453
3502,8453
13288,8453
5425,8453
12755,8453
13081,8453
4150,8453
10211,8453
1919,8453
11757,8453
11678,8453
13026,8453
11028,8453
4514,8453
7729,8453
5448,8453
8764,8453
7237,8453
10765,8453
9272,8453
522,8453
2466,8453
3482,8453
8595,8453
648,8453
6255,8453
4655,8453
2184,8453
6691,8453
2113,8453
3113,8453
2899,8453
6991,8453
8322,8453
9696,8453
6387,8453
610,8453
13557,8453
8371,8453
7372,8453
6534,8453
5268,8453
11585,8453
10940,8453
7738,8453
9616,8453
3664,8453
10428,8453
8258,8453
7381,8453
7363,8453
2700,8453
1309,8453
5732,8453
6518,8453
11558,8453
8088,8453
11572,8453
3167,8453
8854,8453
3830,8453
4976,8453
1132,8453
9920,8453
8338,8453
12545,8453
9454,8453
4147,8453
12476,8455
737,8456
1155,8456
5962,8456
2304,8456
2280,8462
8406,8462
3724,8462
8808,8462
9782,8462
7625,8462
9390,8465
10946,8466
12144,8466
9335,8471
1286,8471
13060,8474
2272,8476
9865,8476
10009,8476
10497,8476
7036,8478
11458,8481
1655,8481
7706,8483
3037,8485
5708,8485
12045,8485
3768,8485
5,8485
5689,8485
461,8485
6813,8485
5468,8485
7899,8485
4320,8485
2660,8485
2456,8485
7679,8485
722,8485
12244,8485
9064,8485
12665,8486
10306,8486
6768,8486
3638,8488
13643,8489
11835,8490
4218,8490
8178,8492
2461,8493
3879,8493
2069,8493
1168,8493
13391,8493
973,8493
9213,8493
7198,8493
4713,8493
7967,8493
9360,8493
10324,8494
12315,8494
11178,8494
3273,8500
10138,8508
13525,8509
12560,8513
9737,8522
12738,8528
8976,8538
2913,8542
2932,8552
10801,8552
4310,8556
222,8560
10555,8562
10255,8567
11058,8567
1860,8574
10045,8607
6335,8608
8852,8622
863,8622
11362,8630
821,8630
7497,8630
10095,8651
10097,8651
10759,8651
3998,8651
4838,8651
2940,8651
6576,8651
7152,8651
1440,8666
2501,8668
2218,8674
6924,8674
9910,8674
1846,8674
1375,8674
8243,8674
8603,8674
1842,8674
10537,8680
9896,8680
11533,8685
3609,8693
8272,8696
12723,8696
5260,8696
7094,8696
4698,8696
12835,8696
10478,8701
12727,8701
13043,8701
12119,8701
6377,8701
13360,8701
1287,8701
11514,8701
6345,8701
7839,8701
1083,8701
7478,8701
2482,8701
2286,8701
1307,8701
4335,8701
4146,8701
10962,8701
9232,8701
9412,8701
6854,8701
2470,8701
13164,8704
3613,8706
13077,8706
5290,8706
8062,8706
456,8706
7013,8706
13281,8706
10613,8706
5143,8706
3798,8706
957,8706
444,8706
596,8706
194,8706
9647,8706
5269,8706
1110,8706
1751,8706
5016,8706
6582,8706
5739,8706
11549,8706
4403,8706
5961,8706
1102,8706
9206,8706
8756,8706
1262,8707
2522,8707
4573,8707
7923,8707
2,8707
4043,8707
3781,8707
4441,8707
3633,8707
9746,8707
162,8707
6197,8707
216,8707
5482,8707
6420,8707
12563,8707
13229,8707
11042,8707
10767,8707
7128,8707
6323,8707
1896,8707
8023,8707
10710,8707
12829,8707
1667,8710
11444,8710
7398,8710
7329,8710
9815,8711
1684,8711
10691,8718
2094,8730
9017,8743
2804,8745
8681,8755
8753,8755
5015,8755
7389,8757
9347,8757
5848,8757
7921,8757
4412,8757
9600,8760
3271,8762
9152,8768
5931,8768
5915,8771
8628,8772
64,8779
8782,8781
2121,8807
1496,8812
5863,8818
11411,8818
3673,8820
12111,8821
7484,8821
12399,8832
9263,8834
1731,8844
8930,8845
7114,8853
9983,8856
2870,8856
3709,8856
6952,8856
5227,8856
12260,8859
7850,8869
11484,8870
1231,8870
877,8870
3705,8870
5709,8870
1067,8870
8409,8870
779,8870
7761,8870
5976,8870
13149,8870
10702,8870
10781,8870
1884,8870
3846,8870
12524,8870
7751,8870
191,8870
314,8870
1705,8872
13347,8884
8661,8885
5392,8885
913,8887
5631,8899
3976,8911
4895,8911
12530,8931
7532,8932
4705,8935
12732,8939
9847,8939
5421,8940
1546,8940
2908,8940
746,8940
1471,8940
6003,8940
9707,8940
1485,8940
1062,8940
146,8940
11926,8943
1576,8944
6187,8949
11270,8959
474,8959
12201,8959
327,8959
7814,8959
7369,8959
10034,8961
8368,8967
1738,8967
10560,8971
13185,8975
3667,8984
5400,8984
10079,8987
210,8990
8137,9012
8375,9016
9526,9025
12762,9029
8120,9029
6406,9029
7225,9029
10162,9034
8964,9034
7212,9034
12731,9034
5878,9034
1078,9034
11017,9034
9836,9034
7347,9034
48,9034
6715,9034
2182,9040
12052,9046
7168,9052
5049,9052
8385,9058
9292,9071
11574,9079
10674,9088
1712,9097
238,9098
9895,9099
5752,9100
4569,9103
2996,9103
9568,9109
10864,9110
8121,9111
10875,9111
925,9111
827,9111
853,9111
8031,9111
99,9111
429,9111
3968,9111
12305,9118
4975,9119
9868,9126
7720,9130
8824,9130
1916,9130
13642,9133
5894,9142
7211,9146
11600,9150
10085,9150
6473,9150
1902,9150
6491,9150
13460,9150
10307,9150
4673,9156
6681,9158
6537,9160
9522,9163
8755,9173
11442,9178
13612,9188
4220,9191
12402,9191
9723,9191
3494,9191
13595,9191
7035,9192
8263,9192
4112,9192
5742,9192
9648,9192
2171,9192
9482,9192
7817,9192
11571,9192
8180,9192
8209,9192
1117,9192
8410,9192
8504,9192
2594,9192
12295,9192
12523,9192
574,9192
5222,9192
2432,9192
1152,9196
4021,9207
9495,9207
9326,9207
11722,9207
1886,9209
1759,9220
3378,9220
5663,9222
8342,9223
6798,9225
110,9228
105,9230
1910,9235
10524,9235
5235,9248
10056,9257
9322,9260
9018,9264
6904,9268
8732,9271
4297,9276
770,9279
13084,9279
11134,9279
6590,9279
7960,9289
7768,9295
594,9297
12368,9302
6550,9302
5778,9302
11002,9302
873,9302
874,9302
872,9302
9982,9309
11447,9310
4549,9311
2560,9312
12379,9312
1388,9312
3035,9323
13057,9325
12537,9328
1395,9328
971,9334
8067,9341
1410,9342
7983,9342
5308,9354
9004,9361
2072,9361
454,9369
9754,9375
3120,9375
9377,9375
11882,9378
9691,9379
7167,9381
1833,9388
6597,9389
11000,9395
4362,9438
12937,9438
11055,9438
5280,9438
4614,9438
583,9438
2668,9438
12802,9438
11518,9438
4991,9438
2782,9445
12816,9446
4338,9446
12336,9449
5964,9449
562,9449
10498,9449
6716,9449
9891,9449
10180,9449
342,9449
6225,9449
8171,9449
11648,9449
11704,9449
11463,9449
7284,9449
11968,9449
1849,9449
12870,9449
50,9449
12196,9449
4207,9449
6123,9449
5293,9449
12993,9449
4291,9449
7977,9449
8091,9449
3119,9449
11440,9449
10246,9449
2138,9449
12298,9449
2607,9449
6910,9449
1324,9449
8688,9449
13483,9449
6632,9449
3340,9449
6143,9449
12126,9449
6379,9449
2581,9449
3586,9449
4240,9449
7895,9449
13004,9460
11135,9462
4090,9462
8846,9479
7673,9479
12017,9488
7849,9491
10606,9493
7616,9499
1417,9503
13589,9507
3031,9508
3247,9508
10725,9510
77,9515
1199,9523
10446,9524
12596,9525
8283,9525
10258,9525
11247,9531
9091,9535
4823,9535
4095,9540
6245,9540
2925,9541
10814,9544
10002,9549
2966,9549
8226,9555
1140,9556
7397,9561
2728,9566
784,9568
6176,9569
5369,9569
8265,9573
7361,9577
3735,9577
3686,9587
7403,9600
3559,9604
10093,9604
10896,9604
8908,9604
9613,9612
1475,9612
13120,9612
7090,9615
3499,9621
5478,9621
10584,9632
10001,9634
11787,9634
10073,9641
8285,9646
2766,9649
7470,9661
10156,9662
707,9669
11788,9675
13512,9681
3767,9681
9153,9681
13296,9681
9692,9681
11542,9709
3996,9709
3852,9713
11290,9721
3605,9725
7559,9731
8159,9735
7030,9735
4556,9740
12725,9741
9151,9741
8405,9750
8783,9750
277,9761
10728,9765
527,9768
11228,9768
11406,9768
8408,9769
8638,9769
9681,9771
7872,9771
387,9772
6190,9778
6777,9780
11120,9786
410,9787
1450,9792
9261,9801
12058,9801
9123,9803
10918,9806
12566,9816
10408,9817
6843,9818
5346,9818
8788,9818
7195,9830
3229,9832
12557,9834
10122,9834
5678,9834
7072,9835
6386,9882
7687,9884
6489,9884
24,9901
9939,9912
12222,9915
6274,9917
8712,9917
202,9917
3985,9917
3356,9919
1877,9922
10541,9924
7133,9924
1880,9927
6494,9928
11903,9929
4805,9933
6544,9933
7690,9933
2231,9938
11309,9945
480,9946
3286,9946
5610,9946
5563,9946
2091,9946
4113,9946
1526,9946
13552,9946
7440,9946
9837,9951
3125,9951
10479,9951
9426,9951
6461,9951
3043,9951
10768,9952
10716,9967
1263,9972
12612,9973
6282,9973
9960,9973
2519,9979
9306,9984
1643,9984
13599,9985
2797,9985
10046,9989
10823,9993
11864,9994
7883,10004
13199,10014
3871,10016
7411,10017
11469,10018
11251,10020
3913,10022
7704,10025
3296,10025
9142,10029
12628,10040
6336,10065
6541,10066
9596,10069
2480,10069
9432,10080
4429,10089
7748,10089
11133,10089
394,10089
9547,10113
521,10114
878,10114
6474,10114
4877,10114
7556,10114
4990,10114
11987,10114
2809,10114
4498,10114
7499,10114
5039,10114
5103,10114
5644,10114
1680,10114
5827,10114
13184,10114
11098,10114
5930,10114
196,10125
306,10129
2671,10140
9777,10141
12170,10143
9557,10143
2619,10155
5108,10155
7784,10160
6634,10160
11538,10160
3046,10166
1850,10177
7775,10177
7352,10188
2465,10210
11194,10217
3476,10219
9592,10219
12582,10219
4528,10219
10437,10247
3151,10257
1637,10263
2787,10263
9172,10263
2330,10264
12832,10275
704,10277
8611,10279
12710,10285
8912,10285
11743,10285
9739,10285
7896,10292
3676,10292
553,10303
4843,10310
10314,10315
12465,10316
9042,10323
1641,10326
9770,10332
467,10334
1076,10336
7639,10351
6605,10361
2849,10362
12083,10362
10273,10366
4506,10380
5144,10389
13324,10390
3572,10393
2408,10393
3005,10394
10399,10395
7989,10405
10170,10405
8913,10419
4950,10422
10038,10422
11376,10422
6208,10422
9579,10422
6512,10422
113,10422
3641,10422
12973,10422
12108,10422
3812,10422
11960,10422
6465,10422
2242,10422
13046,10422
5004,10422
6781,10422
7771,10422
10280,10422
694,10422
2941,10422
11887,10422
6333,10422
13248,10422
5623,10422
5785,10422
10424,10425
6368,10429
1182,10430
90,10442
3540,10458
658,10460
8555,10466
11680,10466
8833,10480
6540,10482
7964,10483
5396,10491
560,10492
2950,10492
9352,10499
841,10500
1484,10501
3822,10501
9598,10503
1583,10503
10386,10510
11156,10510
12676,10513
5911,10516
9523,10517
9694,10517
3099,10517
740,10517
5036,10517
8904,10517
4265,10517
7548,10517
5066,10517
1742,10517
12742,10517
9065,10517
884,10517
8941,10517
1686,10517
10514,10517
1318,10517
2441,10517
4764,10517
10426,10517
11387,10517
10610,10517
10842,10517
5060,10517
4286,10517
347,10517
534,10517
12470,10517
12857,10517
9044,10517
4014,10517
8963,10517
2759,10517
9697,10517
2347,10517
5926,10517
11892,10517
6343,10517
6587,10517
879,10517
484,10517
13237,10517
4264,10517
881,10517
8593,10517
8318,10517
12213,10517
5168,10517
10820,10517
567,10517
6906,10517
3947,10517
1633,10517
13444,10518
12686,10518
7610,10518
1679,10518
8298,10518
3445,10518
6944,10518
833,10518
3733,10518
483,10518
5832,10518
11105,10518
1322,10518
4157,10518
8282,10518
1312,10518
6238,10518
4674,10518
10028,10518
3535,10518
6227,10518
1229,10518
5324,10518
10626,10528
10984,10529
4164,10529
10854,10529
2796,10529
13122,10529
11067,10529
3294,10530
5512,10535
1599,10550
6363,10551
6439,10556
8806,10559
3448,10564
9037,10574
831,10575
9262,10591
7009,10591
7038,10591
2027,10594
12671,10594
7353,10601
1261,10602
1172,10602
8058,10602
1702,10602
13475,10602
12826,10602
10598,10602
12753,10602
3032,10602
8889,10604
12859,10604
3863,10604
6600,10604
811,10604
7349,10607
2053,10608
7648,10614
1438,10616
2241,10617
5919,10630
13581,10632
6203,10639
8548,10639
13461,10646
12137,10646
12263,10649
1673,10662
8720,10662
3593,10666
248,10678
1656,10685
7085,10687
4205,10689
12165,10703
11231,10703
8377,10703
2348,10703
7942,10708
5875,10714
11127,10720
2029,10720
1998,10723
10245,10723
9059,10723
379,10723
2189,10723
5176,10723
11673,10723
3351,10723
10694,10723
10043,10726
4722,10726
10937,10727
13262,10729
8568,10729
7224,10735
6218,10737
5920,10739
4584,10739
3026,10751
10340,10751
12344,10757
5917,10757
2133,10764
12554,10771
11201,10772
13016,10772
10787,10797
3922,10797
5499,10797
8665,10797
8742,10799
1428,10802
4324,10811
5602,10816
2487,10836
5226,10836
13442,10840
13543,10846
6589,10859
9877,10861
4608,10861
10938,10864
11984,10865
12452,10878
6149,10883
1195,10886
12960,10886
6089,10890
10847,10891
4191,10897
4488,10908
13608,10915
2134,10921
7789,10924
6819,10924
2632,10932
3777,10932
8200,10934
9034,10936
3268,10936
8706,10936
10876,10936
6445,10936
9672,10936
10179,10936
9992,10936
2926,10936
12134,10938
1661,10941
6328,10945
7345,10950
7321,10950
490,10954
10164,10965
4004,10971
1259,10972
540,10974
12570,10976
4386,10978
7671,10978
7818,10978
2921,10978
9348,10978
11597,10978
5866,10978
1824,10978
7054,10979
2689,10979
3940,10979
7483,10979
4253,10979
6969,10979
3669,10981
9511,10985
2981,10987
3156,10994
345,10995
8750,10995
5698,10995
8776,10998
5213,11003
8960,11003
1548,11003
13310,11003
116,11003
1522,11005
10571,11005
1207,11005
5710,11005
5672,11005
3410,11005
6808,11005
6573,11010
1037,11017
9562,11019
12700,11026
3516,11033
2191,11035
10048,11036
18,11037
3442,11047
13626,11047
9867,11047
10799,11051
2984,11053
9820,11059
6831,11068
213,11086
2362,11087
989,11097
8735,11114
9190,11118
7087,11125
13355,11126
7336,11130
12407,11130
9219,11131
5373,11132
4484,11138
10304,11138
8763,11138
13148,11138
11664,11138
4941,11138
1455,11138
10321,11138
5401,11138
502,11138
11964,11141
8796,11143
10229,11143
2297,11143
3071,11145
12390,11147
8261,11148
6772,11148
10070,11148
11152,11151
11091,11161
5989,11161
10103,11161
13425,11161
1232,11161
9852,11161
266,11161
9317,11161
9023,11161
3842,11161
13601,11161
12425,11161
5995,11161
13468,11161
449,11161
3254,11161
11783,11161
9022,11161
9724,11161
3157,11161
6042,11161
11925,11161
4647,11161
11856,11161
5123,11161
13163,11161
4906,11165
13561,11165
7400,11165
4388,11165
8780,11165
72,11165
7504,11165
8923,11165
5380,11165
1822,11165
74,11165
10476,11165
4416,11165
9391,11165
4535,11165
6780,11165
9520,11165
13603,11165
6394,11165
1696,11165
12034,11167
2593,11169
4683,11172
4865,11176
6880,11177
6919,11179
1632,11180
11160,11183
11917,11185
13479,11187
7739,11189
1405,11189
1613,11189
4788,11190
7340,11190
3548,11191
2318,11191
7337,11191
3588,11192
4821,11195
5267,11198
11129,11200
3350,11203
9986,11205
3919,11212
13579,11224
9655,11226
10388,11226
11955,11226
8505,11226
2976,11226
9871,11232
11073,11257
6376,11257
11074,11257
1123,11257
10807,11257
4872,11257
4367,11257
4062,11257
3430,11257
10,11257
2084,11257
6178,11257
5536,11257
6601,11257
7357,11257
125,11257
5943,11257
85,11257
6655,11257
1430,11257
11287,11257
9849,11257
3500,11257
10470,11257
1164,11257
426,11257
5177,11264
3771,11264
5460,11264
12561,11268
1077,11268
6873,11269
6851,11274
5150,11277
9907,11278
10459,11280
6210,11281
12539,11291
6278,11292
13352,11297
12043,11297
3869,11302
2303,11302
9208,11302
6661,11310
10440,11315
3620,11324
6425,11327
979,11327
11901,11331
10909,11332
8324,11340
6478,11340
4376,11340
12014,11343
1109,11346
3592,11346
13231,11346
5541,11349
706,11352
2295,11352
2721,11357
3526,11357
3639,11368
12740,11369
8715,11369
6277,11372
10447,11379
12774,11380
6030,11390
6659,11391
6258,11391
3238,11396
1610,11409
7430,11412
5079,11412
1736,11420
11410,11424
237,11424
7262,11431
9943,11437
3955,11459
12433,11459
3543,11459
5494,11459
11466,11461
11088,11461
10301,11462
4070,11462
1330,11465
1454,11471
2028,11474
5224,11475
440,11479
9085,11485
11818,11492
662,11493
1935,11493
5877,11493
5612,11493
5082,11503
122,11508
12918,11512
735,11516
5487,11522
6344,11525
835,11530
7223,11530
10508,11530
12513,11530
1169,11530
12249,11530
10800,11530
324,11546
11969,11552
10505,11556
5274,11562
6602,11565
11236,11569
11634,11581
2637,11582
5838,11584
205,11584
7836,11584
8892,11584
8540,11587
12327,11595
8671,11601
12959,11601
12382,11601
8876,11601
1636,11601
3387,11601
4329,11601
5327,11607
6622,11608
2954,11619
142,11619
2047,11619
12307,11619
10997,11629
1659,11636
1660,11636
9553,11642
8966,11642
5362,11645
9174,11649
836,11659
11768,11659
7939,11659
2144,11659
7083,11659
9513,11659
1372,11659
602,11659
5341,11659
9000,11659
1729,11659
4365,11659
11110,11659
2742,11659
13172,11659
13634,11659
13092,11659
3135,11659
3265,11659
4434,11659
9224,11659
9403,11659
4627,11659
1828,11659
3739,11659
9854,11659
2905,11659
117,11659
4279,11659
2265,11659
73,11659
1873,11659
10742,11659
6675,11659
10108,11659
10563,11659
10700,11659
12022,11659
9356,11659
11676,11659
4992,11659
3207,11659
106,11659
5075,11659
4893,11659
12218,11659
8945,11659
2730,11659
1003,11659
5361,11659
7589,11659
8511,11659
7286,11659
4521,11659
6968,11659
9838,11659
4238,11659
8229,11659
6940,11659
2281,11659
4758,11659
13124,11659
9399,11659
2235,11659
4974,11659
2904,11659
8017,11659
6235,11659
154,11659
58,11659
1239,11659
5711,11659
3933,11659
13201,11659
4971,11659
4539,11659
1071,11659
4606,11659
10201,11659
11566,11659
4913,11659
10151,11659
13119,11659
5622,11659
7149,11659
9319,11659
3645,11659
1025,11659
4525,11659
7887,11661
10663,11661
7906,11672
7315,11672
6710,11673
10444,11686
8802,11687
5198,11692
9154,11698
293,11707
11578,11708
12429,11712
10638,11714
5012,11721
5447,11721
4309,11721
10817,11731
3106,11744
1189,11756
13100,11756
11803,11759
866,11759
13435,11759
3132,11767
11612,11769
2443,11770
4,11771
5279,11771
4634,11778
10035,11778
10845,11778
4616,11778
9269,11778
8786,11778
3534,11778
10531,11778
4557,11778
8597,11778
12500,11778
197,11778
155,11778
11121,11778
5561,11778
10848,11778
1009,11778
11188,11778
396,11778
8224,11778
7197,11778
7419,11780
6467,11780
9851,11795
2177,11799
4341,11800
7945,11806
7459,11806
13001,11811
9139,11841
11686,11841
10274,11841
407,11841
6458,11842
7146,11842
4179,11842
6395,11842
13620,11848
10562,11868
231,11878
5959,11879
6557,11889
8521,11889
10385,11889
8658,11889
12517,11900
46,11904
10746,11906
10175,11923
8082,11923
12964,11923
11230,11923
7990,11923
8873,11923
2977,11930
13611,11930
12752,11941
6828,11951
88,11952
986,11952
9329,11953
3914,11958
6934,11961
1670,11982
999,11984
9081,11987
12064,11987
11350,11988
10628,11991
8637,11999
7868,12024
12279,12027
1579,12027
1101,12031
9800,12033
8307,12039
663,12039
7845,12039
3584,12039
280,12039
6981,12039
8011,12039
3058,12044
12922,12061
462,12063
2269,12065
5914,12066
6668,12069
8070,12069
4443,12070
5628,12072
10600,12081
12080,12082
1097,12084
5372,12088
11339,12090
8204,12090
5819,12090
3051,12090
2067,12096
9914,12121
6662,12131
9211,12131
5402,12131
9948,12131
12943,12131
8541,12132
9527,12143
5223,12143
2110,12143
8977,12143
10190,12150
8460,12169
7984,12175
5618,12179
403,12179
7730,12182
2435,12188
8793,12190
1589,12194
5599,12195
476,12211
12798,12211
12426,12223
12514,12229
227,12230
5395,12231
3849,12231
10381,12245
8973,12248
6108,12250
8692,12261
8600,12265
12579,12265
13538,12266
1617,12266
6436,12266
4302,12266
8208,12266
5511,12266
11978,12266
12434,12267
313,12277
6714,12278
12471,12296
1208,12300
848,12300
3603,12300
13473,12326
8302,12329
2210,12332
8230,12335
5283,12345
12355,12356
2062,12361
2167,12361
8518,12361
6296,12361
9184,12361
640,12361
10462,12361
9793,12361
9719,12361
1962,12361
4029,12361
10191,12361
4160,12361
12117,12367
12907,12371
7541,12373
1928,12373
10649,12373
12032,12373
4818,12373
7724,12373
3537,12373
4646,12373
2130,12373
11378,12373
11744,12373
12574,12373
13193,12373
9763,12373
7682,12373
3418,12373
13406,12373
11041,12373
1203,12373
6349,12373
3342,12373
6475,12373
7407,12373
6619,12373
8825,12373
1210,12373
2555,12373
8766,12373
104,12373
3365,12373
4241,12373
8810,12373
6570,12373
10374,12373
9324,12373
800,12373
9006,12373
12486,12373
1407,12373
678,12373
5102,12373
1096,12373
2854,12373
1072,12373
5835,12373
13627,12373
6560,12373
2244,12373
5763,12373
10873,12374
8746,12374
5132,12377
7857,12384
13411,12387
2556,12396
13070,12437
7553,12437
8958,12441
9775,12449
5074,12462
12312,12466
8877,12480
6031,12489
10272,12493
898,12502
2188,12504
3787,12504
5635,12504
2592,12504
1141,12504
1506,12504
6101,12505
12610,12506
13155,12506
5231,12510
13156,12510
10199,12510
1144,12510
9125,12519
11931,12521
7098,12527
7122,12541
1086,12556
5271,12556
11785,12559
1222,12568
12358,12569
13426,12576
9890,12587
3148,12591
4496,12594
1321,12594
3146,12597
6807,12597
4604,12597
437,12609
10856,12609
3433,12609
12087,12609
4244,12609
397,12609
127,12623
7292,12623
7507,12623
1663,12635
1186,12643
4321,12643
8791,12643
405,12643
2174,12644
9333,12644
6470,12644
348,12644
12447,12645
4504,12645
9745,12645
12036,12646
6146,12654
12458,12660
6855,12663
2156,12663
10552,12664
3292,12664
10148,12664
10586,12664
217,12664
489,12665
13041,12668
3353,12670
3857,12680
1147,12680
2490,12681
9701,12688
83,12701
8837,12701
425,12701
7503,12701
7140,12701
3246,12701
3791,12702
12751,12707
7889,12711
3088,12711
6360,12711
2770,12711
683,12711
9624,12711
9620,12711
12818,12713
6697,12715
4958,12718
8635,12732
1391,12733
8306,12747
11103,12757
4094,12757
5344,12757
11940,12757
10382,12757
1511,12757
11001,12761
11359,12770
1255,12775
1185,12786
13537,12805
7886,12810
855,12810
1260,12810
3698,12810
9045,12810
12588,12810
487,12810
8578,12810
1418,12810
13644,12810
3304,12815
6165,12817
5641,12840
5010,12842
3902,12842
5982,12845
8349,12846
13289,12848
6073,12848
3484,12850
3729,12866
2266,12868
3959,12871
2161,12874
1316,12877
9470,12884
6863,12888
1449,12890
2263,12893
9660,12895
5170,12896
964,12896
9066,12896
4435,12896
13332,12896
11454,12896
4631,12896
11480,12896
2000,12896
352,12896
1023,12896
12820,12896
13652,12896
6058,12896
3354,12896
9374,12896
12577,12896
4059,12896
5186,12896
10111,12896
12869,12896
2901,12896
10596,12896
6916,12896
5119,12896
10062,12896
4985,12896
5630,12896
13354,12896
12076,12896
3241,12896
10966,12896
7769,12896
2898,12896
13021,12896
10603,12896
492,12896
11285,12896
1905,12896
2537,12896
7106,12896
469,12899
8000,12902
4864,12911
7536,12916
756,12917
1664,12921
10645,12921
3228,12921
4984,12921
12880,12921
5660,12921
633,12921
6657,12923
13331,12926
7686,12928
1364,12944
8117,12944
3085,12944
12303,12944
8868,12944
816,12944
13008,12944
10094,12944
334,12944
3710,12944
11828,12944
3833,12944
5904,12944
758,12944
10409,12944
10373,12944
10752,12944
13403,12944
9932,12944
5174,12944
9321,12944
13074,12944
12304,12944
12302,12944
9258,12944
4375,12944
6839,12944
3297,12949
12968,12967
1247,12972
5165,12976
23,12976
2722,12976
11694,12976
12939,12976
8040,12976
6757,12976
709,12976
3488,12976
4217,12986
5802,13000
12366,13002
10200,13002
13542,13005
4209,13005
10749,13005
13186,13006
3326,13012
2678,13012
5014,13042
12542,13049
3876,13050
5414,13051
1864,13052
3015,13052
3141,13052
12348,13052
5761,13052
6960,13052
644,13052
8381,13052
1623,13052
11360,13052
8225,13052
11193,13052
432,13052
2516,13052
2387,13052
2237,13052
6144,13052
4353,13052
286,13052
12789,13052
45,13052
9975,13052
1396,13052
2745,13052
3916,13052
11417,13052
3845,13052
11812,13052
851,13052
2992,13052
7141,13052
3025,13052
3743,13052
3463,13052
8787,13052
9067,13052
5045,13052
8274,13052
235,13052
10830,13052
1293,13052
4924,13052
7882,13052
7153,13052
1719,13052
5364,13052
3450,13052
9182,13052
6150,13052
11272,13052
7142,13052
63,13052
10612,13053
8292,13053
9122,13064
10647,13069
3853,13080
8030,13087
5799,13091
9965,13097
9903,13098
3662,13098
6925,13106
3819,13106
772,13108
4754,13108
8532,13108
12797,13108
11043,13108
7881,13108
10332,13108
2853,13117
5681,13123
5435,13126
7110,13131
6169,13133
10926,13133
10033,13133
8784,13134
13551,13136
11079,13142
4827,13151
4966,13151
7494,13157
4215,13157
4355,13159
9776,13160
828,13165
195,13174
3305,13178
1244,13196
9536,13198
11169,13204
7249,13222
8182,13226
10356,13246
687,13246
5190,13246
12585,13264
2988,13269
3471,13278
2160,13280
4247,13287
13299,13297
13298,13297
13297,13299
8839,13302
12833,13305
4149,13305
615,13311
4661,13322
3029,13327
149,13340
2907,13340
12152,13340
368,13340
6111,13340
9305,13340
1646,13340
2691,13340
2118,13340
4692,13340
12935,13340
11986,13340
11825,13356
9665,13370
12281,13373
2577,13373
5870,13374
13267,13374
7618,13374
13647,13382
4008,13385
10804,13392
9345,13396
13189,13400
8169,13402
11336,13412
7908,13418
6866,13429
9706,13430
12280,13431
4733,13432
10039,13439
11653,13446
7055,13472
243,13476
1917,13487
6547,13490
3435,13490
9214,13490
7073,13492
8648,13494
10392,13494
8253,13494
1010,13503
7620,13518
10827,13523
10102,13533
13534,13533
1258,13545
11491,13545
5868,13545
1513,13545
5041,13545
5933,13545
7182,13545
13242,13545
9136,13549
415,13549
7937,13549
9802,13549
8907,13558
11099,13563
8526,13577
4422,13577
8361,13580
10868,13586
13510,13590
12743,13590
12252,13590
5537,13590
8942,13590
8929,13590
10282,13590
987,13590
4851,13590
555,13590
6771,13590
178,13590
67,13590
13105,13590
11092,13591
1687,13604
414,13609
3122,13613
2835,13614
7064,13625
11976,13629
5589,13629
745,13635
1983,13635
5715,13635
7707,13640
7731,13645
11706,13646
799,13661
13587,13670
